 #Independent Particle F
 #Numkpts,nspin=         216           1
 #spin=           1
 #Number of BSE conduction states=           3
 #Number of BSE valence          states=           8
 #Total number of val/cond states=           8           6
 #Gaussian broadening= F
 #If not Gaussian broadening then Lorentzian
 #Broadenings=  1.000000000000000E-003  1.000000000000000E-003
 #LDA energies used as N.L. potential correction in BSE program and NOT lmf F
 #direction of q-vector=
 #  0.707106781186547       0.707106781186547       0.000000000000000E+000
 #Energy(eV),Real(eps),Imag(eps)
  0.000000000000000E+000   3.44693566685227       8.583646849899644E-003
  1.360580000000000E-002   3.44698332628607       8.584655780082178E-003
  2.721160000000000E-002   3.44712633607104       8.587684267491593E-003
  4.081740000000000E-002   3.44736479078436       8.592737977399310E-003
  5.442320000000000E-002   3.44769884973937       8.599828041002870E-003
  6.802900000000001E-002   3.44812874024994       8.608978086019044E-003
  8.163480000000001E-002   3.44865482113334       8.620190315967110E-003
  9.524060000000001E-002   3.44927735166919       8.633361033749161E-003
  0.108846400000000        3.44999671583763       8.648643551848483E-003
  0.122452200000000        3.45081345672673       8.666048319158149E-003
  0.136058000000000        3.45172813030458       8.685584969874536E-003
  0.149663800000000        3.45274135794988       8.707276148298561E-003
  0.163269600000000        3.45385383213311       8.731150091580660E-003
  0.176875400000000        3.45506631782264       8.757238939059223E-003
  0.190481200000000        3.45637965400742       8.785578370182763E-003
  0.204087000000000        3.45779475549728       8.816207575508876E-003
  0.217692800000000        3.45931261496764       8.849169334780188E-003
  0.231298600000000        3.46093430522928       8.884510141100990E-003
  0.244904400000000        3.46266098172285       8.922280352400645E-003
  0.258510200000000        3.46449388524393       8.962534364052688E-003
  0.272116000000000        3.46643434490902       9.005330800927231E-003
  0.285721800000000        3.46848378137623       9.050732728903922E-003
  0.299327600000000        3.47064371033607       9.098807886695657E-003
  0.312933400000000        3.47291574629009       9.149628939288605E-003
  0.326539200000000        3.47530160663677       9.203273754625442E-003
  0.340145000000000        3.47780311608624       9.259825705429912E-003
  0.353750800000000        3.48042221142856       9.319373998329458E-003
  0.367356600000000        3.48316094668093       9.382014032697387E-003
  0.380962400000000        3.48602149864376       9.447847791933542E-003
  0.394568200000000        3.48900617289710       9.516984270210450E-003
  0.408174000000000        3.49211741027354       9.589539938073500E-003
  0.421779800000000        3.49535779384609       9.665639250679866E-003
  0.435385600000000        3.49873005647402       9.745415202900199E-003
  0.448991400000000        3.50223708895534       9.829009936019120E-003
  0.462597200000000        3.50588194883738       9.916575401331909E-003
  0.476203000000000        3.50966786994459       1.000827408658229E-002
  0.489808800000000        3.51359827268852       1.010427981191645E-002
  0.503414600000000        3.51767677523096       1.020477860285839E-002
  0.517020400000000        3.52190720558082       1.030996964876086E-002
  0.530626200000000        3.52629361471317       1.042006635626855E-002
  0.544232000000000        3.53084029080964       1.053529750856069E-002
  0.557837800000000        3.53555177473016       1.065590854256844E-002
  0.571443600000000        3.54043287683986       1.078216295797959E-002
  0.585049400000000        3.54548869532870       1.091434387372452E-002
  0.598655200000000        3.55072463617895       1.105275574979219E-002
  0.612261000000000        3.55614643495381       1.119772629472737E-002
  0.625866800000000        3.56176018060282       1.134960858204244E-002
  0.639472600000000        3.56757234150378       1.150878340214464E-002
  0.653078400000000        3.57358979399032       1.167566188027681E-002
  0.666684200000000        3.57981985364477       1.185068839552809E-002
  0.680290000000000        3.58627030967604       1.203434384129712E-002
  0.693895800000000        3.59294946274295       1.222714927383392E-002
  0.707501600000000        3.59986616663454       1.242967000282585E-002
  0.721107400000000        3.60702987427682       1.264252018664342E-002
  0.734713200000000        3.61445068860074       1.286636800508268E-002
  0.748319000000000        3.62213941888706       1.310194149456510E-002
  0.761924800000000        3.63010764329170       1.335003514516183E-002
  0.775530600000000        3.63836777836446       1.361151737599632E-002
  0.789136400000000        3.64693315649820       1.388733902614899E-002
  0.802742200000000        3.65581811239239       1.417854302287528E-002
  0.816348000000000        3.66503807979173       1.448627541870597E-002
  0.829953800000000        3.67460969996378       1.481179802496431E-002
  0.843559600000000        3.68455094362877       1.515650291291481E-002
  0.857165400000000        3.69488124834577       1.552192910695020E-002
  0.870771200000000        3.70562167371221       1.590978185934500E-002
  0.884377000000000        3.71679507715493       1.632195497608357E-002
  0.897982800000000        3.72842631360288       1.676055676200616E-002
  0.911588600000000        3.74054246294847       1.722794027592314E-002
  0.925194400000000        3.75317308995780       1.772673873886162E-002
  0.938800200000000        3.76635054221012       1.825990712957623E-002
  0.952406000000000        3.78011029277926       1.883077124184767E-002
  0.966011800000000        3.79449133576367       1.944308578237430E-002
  0.979617600000000        3.80953664450673       2.010110347546372E-002
  0.993223400000000        3.82529370451028       2.080965763690592E-002
   1.00682920000000        3.84181513575759       2.157426131909789E-002
   1.02043500000000        3.85915942258799       2.240122695960567E-002
   1.03404080000000        3.87739177361593       2.329781155039791E-002
   1.04764660000000        3.89658513975250       2.427239377378171E-002
   1.06125240000000        3.91682142555356       2.533469144755616E-002
   1.07485820000000        3.93819293841433       2.649603016024822E-002
   1.08846400000000        3.96080413228860       2.776967740507184E-002
   1.10206980000000        3.98477371863715       2.917126119400508E-002
   1.11567560000000        4.01023723863177       3.071929856749378E-002
   1.12928140000000        4.03735021926925       3.243586837017048E-002
   1.14288720000000        4.06629207488164       3.434747526964686E-002
   1.15649300000000        4.09727096876382       3.648616996215800E-002
   1.17009880000000        4.13052992347145       3.889101645426436E-002
   1.18370460000000        4.16635457200604       4.161003531268741E-002
   1.19731040000000        4.20508308961191       4.470280829826128E-002
   1.21091620000000        4.24711905883665       4.824401528019406E-002
   1.22452200000000        4.29294833269177       5.232830595506256E-002
   1.23812780000000        4.34316142626545       5.707711562468938E-002
   1.25173360000000        4.39848367420296       6.264836606917033E-002
   1.26533940000000        4.45981648727021       6.925053787510482E-002
   1.27894520000000        4.52829477743873       7.716352086335705E-002
   1.29255100000000        4.60536843962174       8.677024874412541E-002
   1.30615680000000        4.69292047856604       9.860599789864943E-002
   1.31976260000000        4.79344243847443       0.113437593665023     
   1.33336840000000        4.91030201511054       0.132395187559559     
   1.34697420000000        5.04816422700296       0.157199481087746     
   1.36058000000000        5.21368115401883       0.190576561187651     
   1.37418580000000        5.41665557902554       0.237054225167288     
   1.38779160000000        5.67211467171183       0.304593361799171     
   1.40139740000000        6.00418481863546       0.408218730581269     
   1.41500320000000        6.45374660946341       0.579063923306771     
   1.42860900000000        7.09373200849310       0.889914864009182     
   1.44221480000000        8.05591729213998        1.54079040655908     
   1.45582060000000        9.49724499219184        3.20617351310279     
   1.46942640000000        10.1000613583022        8.21712956913766     
   1.48303220000000        1.55387609753930        11.6470902939176     
   1.49663800000000       -1.48710622569935        6.12555445221690     
   1.51024380000000       -1.21492526047581        2.96535773771502     
   1.52384960000000      -1.807779771512252E-002   1.44283466520213     
   1.53745540000000       0.882613446231343       0.848882519691091     
   1.55106120000000        1.50476126023656       0.570744145036666     
   1.56466700000000        1.96003878585720       0.421508664521893     
   1.57827280000000        2.31528046831165       0.335124207879754     
   1.59187860000000        2.60958939181439       0.284117216212138     
   1.60548440000000        2.86786418095177       0.256047346156362     
   1.61909020000000        3.10810377804073       0.245652756450176     
   1.63269600000000        3.34580891382439       0.252309369498143     
   1.64630180000000        3.59758049995707       0.280268682832368     
   1.65990760000000        3.88559379274145       0.342312831837034     
   1.67351340000000        4.24504802800455       0.472278690654676     
   1.68711920000000        4.73459742247771       0.770498078218217     
   1.70072500000000        5.38710831736347        1.59582046870456     
   1.71433080000000        5.09579890793392        3.94868019762102     
   1.72793660000000        1.52193617861526        3.72063984646001     
   1.74154240000000        1.48376691162904        1.53649375885489     
   1.75514820000000        2.18928312404022       0.839405950796373     
   1.76875400000000        2.77340164722968       0.687549286962998     
   1.78235980000000        3.22845161087339       0.919055292902782     
   1.79596560000000        3.03306173359472        1.30754611794826     
   1.80957140000000        2.96438199769176        1.10109048849663     
   1.82317720000000        3.15850669676315        1.03618705617094     
   1.83678300000000        3.14398590013541        1.35795038919079     
   1.85038880000000        3.14639294687426        1.17855665379707     
   1.86399460000000        3.39143950084466        1.77936002071818     
   1.87760040000000        2.17464720406656        2.12677234986125     
   1.89120620000000        1.78164226325246        1.03849857039451     
   1.90481200000000        2.16411886738590       0.518074146681908     
   1.91841780000000        2.50177771897180       0.344321340098233     
   1.93202360000000        2.77517331965023       0.296561763780075     
   1.94562940000000        3.00774236841669       0.354409321648432     
   1.95923520000000        3.05481596889288       0.506945391390775     
   1.97284100000000        3.01806333183476       0.462847196071026     
   1.98644680000000        3.10690506727108       0.318632826666598     
   2.00005260000000        3.32095543144669       0.275775443786961     
   2.01365840000000        3.53252486976166       0.352965664878863     
   2.02726420000000        3.61412372968351       0.461832185653548     
   2.04087000000000        3.81806909174865       0.499329959147219     
   2.05447580000000        3.98117927271318       0.742918336173052     
   2.06808160000000        4.20531024959481       0.917491976778410     
   2.08168740000000        4.49459457432641        1.64526230201789     
   2.09529320000000        3.58010851897382        2.89426110566515     
   2.10889900000000        1.89817389032967        2.09987832504670     
   2.12250480000000        2.03263048342135       0.969555980720862     
   2.13611060000000        2.40221871129148       0.542496034964190     
   2.14971640000000        2.73885352017055       0.366455759612143     
   2.16332220000000        3.01116876740304       0.339241505681240     
   2.17692800000000        3.14938757025465       0.377087832795947     
   2.19053380000000        3.30474711457258       0.323786094476958     
   2.20413960000000        3.51236292639130       0.379632703770655     
   2.21774540000000        3.60849316365789       0.443186880131467     
   2.23135120000000        3.84963559395915       0.507254103830310     
   2.24495700000000        4.04554067236073       0.859385415693965     
   2.25856280000000        3.61611963874289        1.29171418125176     
   2.27216860000000        3.41836499483061       0.793416182856130     
   2.28577440000000        3.77810496428723       0.692495285195850     
   2.29938020000000        3.96920068951889       0.858998319043937     
   2.31298600000000        4.12894025156371        1.02717876863382     
   2.32659180000000        4.24596146640081        1.30388704747982     
   2.34019760000000        4.46852901846473        1.61191948050518     
   2.35380340000000        4.29627665074518        2.97308758464982     
   2.36740920000000        2.28229016739327        2.57098286548170     
   2.38101500000000        2.50445377779161        1.41341659553397     
   2.39462080000000        2.93515420229807        1.35845115832029     
   2.40822660000000        2.89469726004383        1.40595388348279     
   2.42183240000000        2.98043923278307        1.13006906112023     
   2.43543820000000        3.38119863754714        1.31524557094833     
   2.44904400000000        3.19396797532348        1.88170089294622     
   2.46264980000000        2.42089928771104        2.07749990743837     
   2.47625560000000        1.96642675301352        1.17822225509953     
   2.48986140000000        2.31437432591966       0.649362925432956     
   2.50346720000000        2.68333577383590       0.472872116869118     
   2.51707300000000        3.00146413470680       0.423800524326976     
   2.53067880000000        3.34499859491293       0.501445120358448     
   2.54428460000000        3.62253266022272       0.877015532177346     
   2.55789040000000        3.25220225640601        1.27342387654814     
   2.57149620000000        3.03516596114575       0.964873948992067     
   2.58510200000000        3.28917416793592       0.760326804336746     
   2.59870780000000        3.71000115720092       0.969949769814734     
   2.61231360000000        3.65911666566228        1.78204415053534     
   2.62591940000000        2.56485178292345        1.90429547537746     
   2.63952520000000        2.33374051992806       0.998235090326896     
   2.65313100000000        2.71636177496417       0.704407131337360     
   2.66673680000000        2.82994819912143       0.702105519984703     
   2.68034260000000        2.89898490368577       0.595824618901496     
   2.69394840000000        3.02794340537481       0.450464979400526     
   2.70755420000000        3.27452578591927       0.393567335927705     
   2.72116000000000        3.47729410985381       0.526624301257442     
   2.73476580000000        3.45485550951157       0.651605188512854     
   2.74837160000000        3.44668383628515       0.561178833258648     
   2.76197740000000        3.62195519256795       0.483406732329405     
   2.77558320000000        3.84535158823309       0.541193827876231     
   2.78918900000000        4.10669364123466       0.719439081015837     
   2.80279480000000        4.02646798325108        1.28731543579952     
   2.81640060000000        3.50239688887773        1.03203776933546     
   2.83000640000000        3.76185152486633       0.710298512355583     
   2.84361220000000        4.10427462044349       0.805441992305089     
   2.85721800000000        4.14736185394161        1.00739778554514     
   2.87082380000000        4.42491295186117        1.02936596844531     
   2.88442960000000        4.79502684596575        1.71567062235129     
   2.89803540000000        3.62960670357971        2.64269744441747     
   2.91164120000000        2.89220514607731        1.48540085769731     
   2.92524700000000        3.34295960875746       0.855792989695514     
   2.93885280000000        3.84009729534797       0.746775271194938     
   2.95245860000000        4.10755619300629       0.923035797462602     
   2.96606440000000        4.23010447535253       0.858125457583497     
   2.97967020000000        4.57269163924806       0.957326210638606     
   2.99327600000000        4.68146741821432       0.993082295695939     
   3.00688180000000        5.12637255542505        1.02901505599053     
   3.02048760000000        5.45954237069269        1.29260820077102     
   3.03409340000000        5.74631659723261        1.40042066280191     
   3.04769920000000        6.54199343013601        1.45662165299144     
   3.06130500000000        7.80443644105107        2.12745272234050     
   3.07491080000000        9.10614263956634        4.14357603768932     
   3.08851660000000        8.56089550845878        6.66789156456760     
   3.10212240000000        9.38751190006554        9.25053900885161     
   3.11572820000000        3.95482569273260        17.7222623546215     
   3.12933400000000       -6.70926860120768        10.7991638195964     
   3.14293980000000       -5.16787927541535        4.59416335016968     
   3.15654560000000       -3.18512126362666        2.58360523897339     
   3.17015140000000       -1.82384378695964        1.90826249306137     
   3.18375720000000       -1.20639374749414        1.81792155526462     
   3.19736300000000       -1.10145879581782        1.40793269677899     
   3.21096880000000      -0.650993693495075       0.852962682889753     
   3.22457460000000      -0.181909756190227       0.579440813679277     
   3.23818040000000       0.225050883600650       0.420932489393602     
   3.25178620000000       0.559000154409697       0.333458678719867     
   3.26539200000000       0.838323542265707       0.292023852685282     
   3.27899780000000        1.04518255741250       0.276679825342307     
   3.29260360000000        1.22521891081658       0.226300106662079     
   3.30620940000000        1.40654788337682       0.197076679180588     
   3.31981520000000        1.56868337060272       0.176109214399981     
   3.33342100000000        1.72089382177957       0.160035108739839     
   3.34702680000000        1.86743108900700       0.151461054768751     
   3.36063260000000        2.00939709957629       0.151604656438218     
   3.37423840000000        2.15044839675915       0.166284102986877     
   3.38784420000000        2.27362697314145       0.221503297703600     
   3.40145000000000        2.31139502906824       0.252284542838719     
   3.41505580000000        2.37960435723324       0.201038375143059     
   3.42866160000000        2.51249976389575       0.164956533314533     
   3.44226740000000        2.65170390878403       0.157146740037459     
   3.45587320000000        2.79940336782901       0.163015299278965     
   3.46947900000000        2.95659453084537       0.189985223996629     
   3.48308480000000        3.09585374468382       0.247776866939514     
   3.49669060000000        3.22959619357314       0.261275246661970     
   3.51029640000000        3.40354520420764       0.297314318540914     
   3.52390220000000        3.61676201113482       0.309236867522285     
   3.53750800000000        3.91776780628849       0.367146146904000     
   3.55111380000000        4.30150461609350       0.490646887981944     
   3.56471960000000        4.82564786771705       0.736381024074775     
   3.57832540000000        5.55246025304744        1.28038245475656     
   3.59193120000000        6.54245826431128        2.61891074759541     
   3.60553700000000        6.10130249022407        6.43238832496285     
   3.61914280000000       0.484932534597240        6.17101802879580     
   3.63274860000000       0.623924776536114        3.03093538322473     
   3.64635440000000        1.75951760703414        2.97888192209215     
   3.65996020000000       0.416835877812442        3.66571959169296     
   3.67356600000000      -4.002682341666208E-002   1.91917932537226     
   3.68717180000000       0.500229861501614        1.25879227535902     
   3.70077760000000       0.857474016758362       0.807726536874981     
   3.71438340000000        1.33483792320788       0.554470524357606     
   3.72798920000000        1.77668503876969       0.475929230147160     
   3.74159500000000        2.21224071264734       0.518166638190099     
   3.75520080000000        2.69314391168151       0.749603846819983     
   3.76880660000000        3.09341753422190        1.48236899065131     
   3.78241240000000        2.50107386250729        2.60166546671288     
   3.79601820000000       0.796209659648742        2.18801788001672     
   3.80962400000000       0.920138428000862       0.967021987774182     
   3.82322980000000        1.41168399823061       0.583316429593590     
   3.83683560000000        1.77753245589884       0.553305277550983     
   3.85044140000000        1.86978170857811       0.555848427364766     
   3.86404720000000        2.10939603908005       0.447245048097252     
   3.87765300000000        2.37918772348852       0.593857651804780     
   3.89125880000000        2.22033126341484       0.772639061536080     
   3.90486460000000        2.29019906770425       0.483576639586848     
   3.91847040000000        2.61689731694023       0.409525684512007     
   3.93207620000000        2.99570264823338       0.496872803439235     
   3.94568200000000        3.46774433966629       0.811240247541017     
   3.95928780000000        3.91219008252413        1.77701359688472     
   3.97289360000000        2.57185286919548        3.28784083793542     
   3.98649940000000        1.13527326618081        2.29744806328834     
   4.00010520000000        1.05578982416371        1.20886508330466     
   4.01371100000000        1.48522983655151       0.751077863893772     
   4.02731680000000        1.68720167736218       0.644349724336223     
   4.04092260000000        1.89335106294785       0.411428923322729     
   4.05452840000000        2.18481891663942       0.314090328168857     
   4.06813420000000        2.46301122048507       0.297942601450430     
   4.08174000000000        2.75215024345720       0.336053074883928     
   4.09534580000000        3.08826398889989       0.457052904663145     
   4.10895160000000        3.47277064158885       0.789457687976178     
   4.12255740000000        3.58418312107261        1.38214871925517     
   4.13616320000000        3.76538855359972        2.11649945235570     
   4.14976900000000        2.33155525960934        3.56027309052772     
   4.16337480000000       0.893198138779787        2.03385381900920     
   4.17698060000000        1.22918297183170        1.22359266727902     
   4.19058640000000        1.35674615082958       0.857612472983865     
   4.20419220000000        1.67554226075899       0.499019464275326     
   4.21779800000000        2.02705957558874       0.371389368046723     
   4.23140380000000        2.34896380158836       0.353926864247230     
   4.24500960000000        2.68269314468180       0.431165454625613     
   4.25861540000000        3.06088214472416       0.714647673408564     
   4.27222120000000        3.12312154279901        1.57397610190868     
   4.28582700000000        1.93500488530349        1.62912051368709     
   4.29943280000000        1.88768871450906       0.872952197433548     
   4.31303860000000        2.21154330232961       0.593220586399585     
   4.32664440000000        2.44009459380021       0.511973679470200     
   4.34025020000000        2.68202607657304       0.448257246975547     
   4.35385600000000        3.00499815775617       0.433084441852326     
   4.36746180000000        3.41316226197903       0.542496668421964     
   4.38106760000000        3.91893758511056       0.892500623213057     
   4.39467340000000        4.24389086860031        1.81850595447943     
   4.40827920000000        3.41122557782808        2.78342871087464     
   4.42188500000000        2.96845752203874        2.16396255276858     
   4.43549080000000        3.64919612327462        2.67307402130907     
   4.44909660000000        2.74987465307851        4.27711588970270     
   4.46270240000000       0.517912974227813        4.32721227930607     
   4.47630820000000      -0.438933348569046        2.16975054314541     
   4.48991400000000       0.289586319639304        1.06884792777954     
   4.50351980000000       0.961061848828667       0.772710287911646     
   4.51712560000000        1.43940615144930       0.937789794467985     
   4.53073140000000        1.13575230576839        1.24993936634154     
   4.54433720000000        1.02434773941639       0.686941476800836     
   4.55794300000000        1.34196500990015       0.427123314351423     
   4.57154880000000        1.64059161548355       0.365559810137786     
   4.58515460000000        1.87679744927914       0.441019998331350     
   4.59876040000000        1.97920427102566       0.482786198463687     
   4.61236620000000        2.23860740218834       0.594363414633509     
   4.62597200000000        2.24543305149883        1.12496283482720     
   4.63957780000000        1.55255552652232       0.973373859194382     
   4.65318360000000        1.71713540641009       0.514911031614784     
   4.66678940000000        2.02606917590470       0.459832334685055     
   4.68039520000000        2.24241144301770       0.625716811310689     
   4.69400100000000        2.18396423249290        1.08277346787754     
   4.70760680000000        1.56827502837314       0.853834302698171     
   4.72121260000000        1.71130764311261       0.424517401211510     
   4.73481840000000        1.95942232292042       0.291070415109570     
   4.74842420000000        2.19738531913547       0.281168843398888     
   4.76203000000000        2.44886462391823       0.386949968916262     
   4.77563580000000        2.64925455768356       0.781375598346499     
   4.78924160000000        2.03863820162675        1.22951990247374     
   4.80284740000000        1.76233281112728       0.676754482789096     
   4.81645320000000        1.88400185823250       0.449429729161320     
   4.83005900000000        2.05467193296363       0.295249835076081     
   4.84366480000000        2.26229184564320       0.267030023398427     
   4.85727060000000        2.47062513072934       0.355852876829672     
   4.87087640000000        2.51935717330366       0.645042275478974     
   4.88448220000000        2.31052000285290       0.676101374639790     
   4.89808800000000        2.24286888180238       0.580291129135930     
   4.91169380000000        2.35161056215716       0.577828210911990     
   4.92529960000000        2.19848494478741       0.722163983590297     
   4.93890540000000        2.06913281760818       0.461467139105566     
   4.95251120000000        2.19064933250681       0.277294293848434     
   4.96611700000000        2.35725586328655       0.223667451615780     
   4.97972280000000        2.49240188361143       0.228138759355869     
   4.99332860000000        2.62558095265408       0.306531791936760     
   5.00693440000000        2.61792731384681       0.409651555362785     
   5.02054020000000        2.55727899811001       0.435754536751265     
   5.03414600000000        2.57527404151826       0.278964672597711     
   5.04775180000000        2.74780061701643       0.218577686718780     
   5.06135760000000        2.93728725606689       0.242361230320666     
   5.07496340000000        3.15563241052839       0.340391409790398     
   5.08856920000000        3.36261560753530       0.630056601662776     
   5.10217500000000        3.29319264022268       0.940802819119414     
   5.11578080000000        3.28324641359065        1.31069020531171     
   5.12938660000000        2.66117201149439        1.71743864651852     
   5.14299240000000        2.17130158672815        1.37505305277369     
   5.15659820000000        2.02780510285621       0.896170354024763     
   5.17020400000000        2.25458900173431       0.711420275096830     
   5.18380980000000        2.21045449802277       0.635365742660890     
   5.19741560000000        2.35604198352641       0.406285717449503     
   5.21102140000000        2.59538962545110       0.376896835241722     
   5.22462720000000        2.75597164061888       0.499442368592756     
   5.23823300000000        2.81372226905949       0.665402801956469     
   5.25183880000000        2.51066860212399       0.828852508214495     
   5.26544460000000        2.42849705922029       0.469011276560042     
   5.27905040000000        2.63533271145746       0.305740495120738     
   5.29265620000000        2.84203415701511       0.287921920323219     
   5.30626200000000        3.01865522226839       0.354174074192725     
   5.31986780000000        3.12229557043512       0.439626774889597     
   5.33347360000000        3.29099456601595       0.588588531886129     
   5.34707940000000        3.17180699140545       0.774581780196139     
   5.36068520000000        3.27963848977639       0.727438955402531     
   5.37429100000000        3.34662388639242       0.943710828386111     
   5.38789680000000        3.24426746149582        1.00870407884790     
   5.40150260000000        3.44023016756424        1.06408171131279     
   5.41510840000000        3.65519941426301        1.68474012457361     
   5.42871420000000        2.56397807361942        2.18259981847737     
   5.44232000000000        2.32282305077268        1.37694109029204     
   5.45592580000000        2.46955477064475        1.52585781013910     
   5.46953160000000        1.94630939558094        1.20348562042262     
   5.48313740000000        2.11284453818493       0.785348063912851     
   5.49674320000000        2.34340550669297       0.549072874852797     
   5.51034900000000        2.63190301849044       0.540715782696811     
   5.52395480000000        2.77967918241405       0.603031181801714     
   5.53756060000000        2.95961510460948       0.837077149140842     
   5.55116640000000        2.57930960768238       0.958568810138353     
   5.56477220000000        2.64421032871959       0.671895546749675     
   5.57837800000000        2.77076548804895       0.648798376692991     
   5.59198380000000        2.81525575215582       0.653901454980922     
   5.60558960000000        2.92699738804554       0.547333262002092     
   5.61919540000000        3.08283582586511       0.587957702301775     
   5.63280120000000        3.30291217438945       0.614959010384792     
   5.64640700000000        3.50062167774876       0.869904126889369     
   5.66001280000000        3.56515742039511        1.29955020242503     
   5.67361860000000        3.08040378383585        1.42896017058418     
   5.68722440000000        3.18854230332154        1.44781124774079     
   5.70083020000000        2.73905555570787        1.53592282802578     
   5.71443600000000        2.88115503338395        1.28882419252229     
   5.72804180000000        2.78657120381502        1.77830333037130     
   5.74164760000000        2.15898447575147        1.43320219032441     
   5.75525340000000        2.13612259866674        1.02753313356537     
   5.76885920000000        2.23023646302669       0.677711435923891     
   5.78246500000000        2.53237534761657       0.439792449833219     
   5.79607080000000        2.85465089772309       0.401861874873243     
   5.80967660000000        3.14155565821751       0.474258920760722     
   5.82328240000000        3.43172011985472       0.739828377601049     
   5.83688820000000        3.30142576883103        1.22352614477871     
   5.85049400000000        2.98860677021227        1.05146906091667     
   5.86409980000000        3.08402884525351        1.10891988985627     
   5.87770560000000        2.92496269007779        1.04394915866023     
   5.89131140000000        3.07706626957913       0.826233627850171     
   5.90491720000000        3.30886575728572       0.997006610046716     
   5.91852300000000        3.19586177112232        1.08292120086844     
   5.93212880000000        3.39813365000542       0.960032170283054     
   5.94573460000000        3.74098349018821        1.30141922832393     
   5.95934040000000        3.43879412874623        1.78201861137494     
   5.97294620000000        3.53901478753094        1.71097312966167     
   5.98655200000000        3.45702595466532        2.91024519630093     
   6.00015780000000        1.34493066411770        2.62249215339850     
   6.01376360000000        1.38335003266855        1.16473721127280     
   6.02736940000000        1.87749619971839       0.671761480037143     
   6.04097520000000        2.22123711851939       0.463261520691865     
   6.05458100000000        2.52603702136382       0.354104606534480     
   6.06818680000000        2.81281957451120       0.321519349302294     
   6.08179260000000        3.08265382472118       0.388529025728228     
   6.09539840000000        3.17737326566921       0.590977846918690     
   6.10900420000000        3.13990706344509       0.469511781906915     
   6.12261000000000        3.39781108715062       0.362751622220670     
   6.13621580000000        3.71213238474521       0.396068559216484     
   6.14982160000000        4.03500602107785       0.571697666904677     
   6.16342740000000        4.28591940259665       0.820524725635314     
   6.17703320000000        4.52718564698958        1.28387573402799     
   6.19063900000000        4.55027928196315        1.64183415802753     
   6.20424480000000        4.77986600328017        2.75699328907411     
   6.21785060000000        2.61133351744231        3.42295785125567     
   6.23145640000000        2.18002261164492        1.81363910447290     
   6.24506220000000        2.63357579471094        1.24761781208289     
   6.25866800000000        2.98096476911458        1.04416663110128     
   6.27227380000000        3.37356025141046       0.865977613935006     
   6.28587960000000        3.90873194022588       0.890345677750292     
   6.29948540000000        4.52886718157407        1.26845143693553     
   6.31309120000000        4.95416032269887        2.15944508245820     
   6.32669700000000        4.00474463929757        3.77661898740424     
   6.34030280000000        2.63032744736105        2.51943915266885     
   6.35390860000000        3.47035037717373        1.99427654536900     
   6.36751440000000        3.97395001610438        2.74912000551720     
   6.38112020000000        2.86206644116104        3.83720931153174     
   6.39472600000000        1.98740088883707        2.76888848515521     
   6.40833180000000        2.26348556794413        2.01584628898342     
   6.42193760000000        3.13521764403411        2.16615610102273     
   6.43554340000000        2.51871662042590        3.50162454555526     
   6.44914920000000        1.41904054787543        2.32674754768569     
   6.46275500000000        1.89444318743978        1.85324781905372     
   6.47636080000000        2.10131146083262        1.78572974306170     
   6.48996660000000        1.90456453836587        1.86067916943686     
   6.50357240000000        1.82088985812033        1.24407062114925     
   6.51717820000000        2.30791054639417       0.996802474916830     
   6.53078400000000        2.45883575472802       0.991124085977310     
   6.54438980000000        2.79477163730705       0.738274501699183     
   6.55799560000000        3.28399813754155       0.733835015764261     
   6.57160140000000        3.79778431577740       0.891543916837258     
   6.58520720000000        4.33151164401845        1.28117849305092     
   6.59881300000000        4.79580068787114        2.02102338562233     
   6.61241880000000        4.56909364743334        2.90669927935138     
   6.62602460000000        4.53496562326698        3.78370031528782     
   6.63963040000000        3.94734928891897        4.37899330624144     
   6.65323620000000        2.67160670517809        6.66361416218212     
   6.66684200000000      -0.913100877480399        4.47408222597395     
   6.68044780000000      -0.270818297549867        2.33336494507699     
   6.69405360000000       0.419853259612984        1.62862353996443     
   6.70765940000000        1.03752648537180        1.29887276849482     
   6.72126520000000        1.42026836739562        1.50433136400276     
   6.73487100000000        1.18073036111910        1.43770416034741     
   6.74847680000000        1.24094409126047       0.897384805176858     
   6.76208260000000        1.69177342337718       0.612584053057091     
   6.77568840000000        2.06449206832470       0.549698197534011     
   6.78929420000000        2.41024484269573       0.514235580132576     
   6.80290000000000        2.77428054150797       0.542526566056176     
   6.81650580000000        3.13996171105052       0.645609132513786     
   6.83011160000000        3.58758219207689       0.766517317025155     
   6.84371740000000        4.20295499943987        1.11721841336640     
   6.85732320000000        4.89850414368887        2.10478711336990     
   6.87092900000000        4.63070860964164        3.57616207965867     
   6.88453480000000        3.47063468372785        5.72874424795543     
   6.89814060000000       5.272929506087809E-002   4.34733375766903     
   6.91174640000000       0.262192685186909        2.40921619623522     
   6.92535220000000        1.12203362119690        1.74746895613292     
   6.93895800000000        1.48733370902401        2.33876754615881     
   6.95256380000000       0.457088728566697        1.91840738571612     
   6.96616960000000       0.825156792382033       0.984606109275804     
   6.97977540000000        1.40224295467818       0.706246596536824     
   6.99338120000000        1.85564464562281       0.720392685421896     
   7.00698700000000        2.15437277534649       0.842673115289809     
   7.02059280000000        2.43134291967378        1.01361550775461     
   7.03419860000000        2.70521543013255        1.47757993327532     
   7.04780440000000        1.91271931922176        2.32292332157195     
   7.06141020000000        1.18200196673991        1.28872077012852     
   7.07501600000000        1.59443511641724       0.749955636648366     
   7.08862180000000        1.94989812917914       0.580385494818173     
   7.10222760000000        2.26155513894517       0.554041301594469     
   7.11583340000000        2.53730248089678       0.583395804848107     
   7.12943920000000        2.89603217897450       0.672800582589422     
   7.14304500000000        3.25652880930588        1.13196100442043     
   7.15665080000000        3.18626284467134        1.89685042027718     
   7.17025660000000        2.02950855984147        2.28518700698204     
   7.18386240000000        1.47802285821199        1.37837555665145     
   7.19746820000000        1.75233502377746       0.812932946505375     
   7.21107400000000        2.06467092543290       0.552899581934184     
   7.22467980000000        2.35561388744204       0.452515409409240     
   7.23828560000000        2.60430665976650       0.426252640876051     
   7.25189140000000        2.87871024959856       0.453383554536228     
   7.26549720000000        3.13170040910971       0.706143629379070     
   7.27910300000000        2.82138189824889       0.951450382572269     
   7.29270880000000        2.82014823654908       0.576023824024218     
   7.30631460000000        3.10414570580434       0.474068523618704     
   7.31992040000000        3.33568495020411       0.531000534349490     
   7.33352620000000        3.40763087102608       0.593774227440134     
   7.34713200000000        3.62073855317387       0.533770649246719     
   7.36073780000000        3.86417286392547       0.580524845174357     
   7.37434360000000        4.18312178657405       0.793464811187697     
   7.38794940000000        4.03664690364597        1.06104305930889     
   7.40155520000000        4.22815512801050       0.779338457063835     
   7.41516100000000        4.77913928826365       0.838641156573537     
   7.42876680000000        5.47424697012515        1.24534487166483     
   7.44237260000000        6.06970000434997        2.59848997953413     
   7.45597840000000        4.45002271806499        4.04533253012322     
   7.46958420000000        3.71563754991783        3.49081057293645     
   7.48319000000000        2.35656895724478        3.12060588431439     
   7.49679580000000        2.63240001957021        1.57627226113171     
   7.51040160000000        3.47120361335982        1.12217532967265     
   7.52400740000000        4.19372405013265       0.988474274837245     
   7.53761320000000        5.02984686330973        1.08503212224168     
   7.55121900000000        6.03858866566959        1.54930474874779     
   7.56482480000000        7.10687441327890        3.05462849413912     
   7.57843060000000        5.38459934892706        5.70230514758764     
   7.59203640000000        3.64222371231403        3.57122735123129     
   7.60564220000000        5.21616411758333        2.66141183451125     
   7.61924800000000        7.00111107577074        3.69613358231369     
   7.63285380000000        7.28999662669950        5.71206124932946     
   7.64645960000000        8.61876205780701        8.22377094116351     
   7.66006540000000        5.04089422795832        15.2102408175044     
   7.67367120000000       -5.34343593115048        11.8805407110283     
   7.68727700000000       -4.62349703379951        5.14717627183706     
   7.70088280000000       -2.20318618216390        3.40303064922637     
   7.71448860000000       -1.48939576857418        3.88592058734446     
   7.72809440000000       -2.09505557554169        2.58008496025999     
   7.74170020000000       -1.08482673899098        1.48184591047421     
   7.75530600000000      -6.323125888576397E-002   1.16484546542370     
   7.76891180000000       0.795521053838114        1.36720597170364     
   7.78251760000000       0.786932618360437        1.91432424118159     
   7.79612340000000       0.828654851866453        1.33188618581951     
   7.80972920000000        1.60653891708742        1.22366799970646     
   7.82333500000000        2.27739711957980        1.65672001086388     
   7.83694080000000        2.50074687591859        2.58482457455782     
   7.85054660000000        1.89033592585163        3.64936300974252     
   7.86415240000000       0.559788393033073        2.86519907807302     
   7.87775820000000       0.932375525319578        2.59111683312669     
   7.89136400000000       0.305783952387729        2.12746304548689     
   7.90496980000000       0.788959169888851        1.35439037391191     
   7.91857560000000        1.52127563283432        1.10524607543121     
   7.93218140000000        2.35603953384805        1.38471664027220     
   7.94578720000000        2.75373177020641        2.45036117764627     
   7.95939300000000        2.31674984977941        3.49014204978478     
   7.97299880000000       8.326173124039249E-002   3.61752282911960     
   7.98660460000000       3.237509515974024E-002   1.69864761964276     
   8.00021040000000       0.899990305949784        1.06898005481116     
   8.01381620000000        1.71404673305811        1.01993987801026     
   8.02742200000000        2.53263651588637        1.48422301498086     
   8.04102780000000        2.73134729567534        3.06542298632287     
   8.05463360000000       0.540170336501031        3.33463140449696     
   8.06823940000000       0.299508114126871        2.17211379545434     
   8.08184520000000       0.260802967543351        1.35500709243882     
   8.09545100000000       0.780926556009187       0.771160044244073     
   8.10905680000000        1.31548557125710       0.565166551098381     
   8.12266260000000        1.78807772940566       0.533518440236566     
   8.13626840000000        2.17565721384446       0.669349835444793     
   8.14987420000000        2.34360962483312       0.716338995468906     
   8.16348000000000        2.77903998627729       0.701973809747601     
   8.17708580000000        3.32270474549594        1.04077276244579     
   8.19069160000000        3.28139457244220        1.79538288806407     
   8.20429740000000        3.16006564065297        1.53306875927982     
   8.21790320000000        3.94572432418733        1.87854495142574     
   8.23150900000000        4.11114208536129        3.71340308817811     
   8.24511480000000        1.17895629922164        3.87208068962428     
   8.25872060000000        1.23202681996142        1.83647780745151     
   8.27232640000000        2.08022677525288        1.25392643616035     
   8.28593220000000        2.80388319091795        1.11674360416883     
   8.29953800000000        3.57908435614726        1.12081589101507     
   8.31314380000000        4.62225869214009        1.47223997504077     
   8.32674960000000        5.96530726017105        2.63923956918815     
   8.34035540000000        6.53070582426231        6.23838422850630     
   8.35396120000000       0.778126718566505        7.94225906699034     
   8.36756700000000       7.392739316200592E-002   3.90097206328184     
   8.38117280000000        1.86939172599479        3.21812782976944     
   8.39477860000000        2.10885299853249        5.00813139961001     
   8.40838440000000       0.178990227820791        4.29276427694317     
   8.42199020000000       0.240108869721830        3.13045424387492     
   8.43559600000000        1.26364383693654        2.48910453954158     
   8.44920180000000        2.30526003161192        3.18283819409577     
   8.46280760000000        1.80423789601588        5.56176424414876     
   8.47641340000000       -1.44327304064339        4.22885645949983     
   8.49001920000000      -0.785272080588358        2.00430927584047     
   8.50362500000000       0.393352626967672        1.32490498975253     
   8.51723080000000        1.48012861213348        1.22256755431974     
   8.53083660000000        2.63955428671099        1.51739687317659     
   8.54444240000000        4.07932781306560        2.54222752848567     
   8.55804820000000        5.36931623621797        5.85008947428218     
   8.57165400000000      -0.171614447886213        10.8476792675538     
   8.58525980000000       -4.76816023691724        5.31304690786082     
   8.59886560000000       -3.44187287694022        2.28038788951705     
   8.61247140000000       -2.20722324367588        1.29660949014246     
   8.62607720000000       -1.41723242794745       0.893043615707167     
   8.63968300000000      -0.804181324250586       0.632841723944507     
   8.65328880000000      -0.283151611522847       0.503872611034296     
   8.66689460000000       0.167391709598085       0.446426237524014     
   8.68050040000000       0.588114648252421       0.438261303476851     
   8.69410620000000        1.01834835975210       0.486742235486534     
   8.70771200000000        1.50459314009078       0.643891024268834     
   8.72131780000000        2.07166668746276        1.11243696234515     
   8.73492360000000        2.06627774067952        2.40024200093431     
   8.74852940000000       0.608320159586613        2.21950309960588     
   8.76213520000000       0.969035066151005        1.57812960136467     
   8.77574100000000        1.03031517019385        1.80608991396440     
   8.78934680000000        1.27147899827196        1.67977968581539     
   8.80295260000000        1.18233737535498        2.53927691968813     
   8.81655840000000       0.118603529068119        2.19095219122208     
   8.83016420000000       0.176285581981274        1.49250994737147     
   8.84377000000000       0.250949881154792        1.23243617451506     
   8.85737580000000       0.450468968502061       0.822272829159749     
   8.87098160000000       0.892603351316037       0.651902680098635     
   8.88458740000000        1.27379325047814       0.815406103297184     
   8.89819320000000        1.23146040377655        1.11806840257006     
   8.91179900000000       0.981598839121626       0.869756577350168     
   8.92540480000000        1.23144949512429       0.552871800322784     
   8.93901060000000        1.59486496029470       0.436124767079060     
   8.95261640000000        1.95057829389992       0.454635743852338     
   8.96622220000000        2.29490210976578       0.494237730797644     
   8.97982800000000        2.76145715265453       0.600211948626554     
   8.99343380000000        3.37574293389045       0.895784841799900     
   9.00703960000000        4.21357069136505        1.66237695437993     
   9.02064540000000        4.78866975573789        4.01328311526132     
   9.03425120000000       0.693489427890227        6.26971742513083     
   9.04785700000000       -1.02571489417838        2.81578695389911     
   9.06146280000000      -8.511136856506840E-002   1.36509762401715     
   9.07506860000000       0.667320893078227       0.964317540292794     
   9.08867440000000        1.20566625985206       0.742502208707541     
   9.10228020000000        1.78156348226000       0.665769587020866     
   9.11588600000000        2.37672233297107       0.762805527175281     
   9.12949180000000        2.95814796080308        1.01852729839698     
   9.14309760000000        3.77266431154071        1.47726352721451     
   9.15670340000000        4.73997014693672        3.04870821298370     
   9.17030920000000        2.77925005797407        6.08099807576158     
   9.18391500000000       0.196137461242633        3.92992226605121     
   9.19752080000000        1.18185517033277        2.64183706748279     
   9.21112660000000        2.59099656895213        3.52010572284709     
   9.22473240000000       0.915357937585829        6.56932891111344     
   9.23833820000000       -2.33577062905132        4.07837031858353     
   9.25194400000000       -1.50345202547315        2.13341070592190     
   9.26554980000000      -0.652510241703117        2.07157952614869     
   9.27915560000000       -1.28489334714567        1.96976761436300     
   9.29276140000000       -1.04947185081861       0.969902131620708     
   9.30636720000000      -0.503272935048265       0.577869747657777     
   9.31997300000000      -6.731324280466766E-002  0.426952899505882     
   9.33357880000000       0.280809776606340       0.382455695702049     
   9.34718460000000       0.527668394076330       0.382063965908046     
   9.36079040000000       0.767386852929881       0.397915359997278     
   9.37439620000000       0.850964560611899       0.446807232137785     
   9.38800200000000        1.00921679887253       0.321663450343638     
   9.40160780000000        1.25886194801822       0.289085091965712     
   9.41521360000000        1.49284852029909       0.325591468782361     
   9.42881940000000        1.73438333455307       0.359567324869322     
   9.44242520000000        2.06445959234791       0.488114158201289     
   9.45603100000000        2.40794380397286       0.895580258840601     
   9.46963680000000        2.13142531184117        1.61655146858063     
   9.48324260000000        1.69856828639165        1.50714246793176     
   9.49684840000000        1.48240775473922        1.44675360187719     
   9.51045420000000        1.39550819746265        1.06011518779274     
   9.52406000000000        1.75085627950355       0.870205077368128     
   9.53766580000000        2.24831102682925        1.08190017965621     
   9.55127160000000        2.25546152509625        2.16268946281125     
   9.56487740000000       0.683906092721708        1.95121376792149     
   9.57848320000000       0.819088785321199       0.936490111989243     
   9.59208900000000        1.18020601777206       0.613815480615961     
   9.60569480000000        1.53345757813768       0.445952903011941     
   9.61930060000000        1.89037715254693       0.430263699477489     
   9.63290640000000        2.24907172678858       0.558448295238091     
   9.64651220000000        2.49941517847253        1.05160475263023     
   9.66011800000000        1.79627950340796        1.34039125160013     
   9.67372380000000        1.77913914987666       0.711324273335267     
   9.68732960000000        2.14781760651259       0.550826617118895     
   9.70093540000000        2.42051251298551       0.583318860233159     
   9.71454120000000        2.73263450203385       0.680191357456776     
   9.72814700000000        2.88214787234421        1.17160124882960     
   9.74175280000000        2.36072714334749        1.09189773663039     
   9.75535860000000        2.67117700455328       0.710026462668484     
   9.76896440000000        3.18633402393203       0.800130947300292     
   9.78257020000000        3.53889403282329        1.41548348971372     
   9.79617600000000        2.94249363197649        2.20536719971704     
   9.80978180000000        2.12286065521019        1.44567788006452     
   9.82338760000000        2.53993545952700       0.904905685897557     
   9.83699340000000        2.85575735081656       0.751588703326199     
   9.85059920000000        3.27782585065601       0.643169403975403     
   9.86420500000000        3.64412319233143       0.688388030252427     
   9.87781080000000        4.08244270291840       0.658641202290249     
   9.89141660000000        4.70264794186224       0.764038781131132     
   9.90502240000000        5.49316863115410        1.07598770640162     
   9.91862820000000        6.54471969915234        1.86681816335473     
   9.93223400000000        7.38866206248116        4.02679473184458     
   9.94583980000000        5.34934914583229        7.09756418988526     
   9.95944560000000        1.81923134857037        4.99534941355167     
   9.97305140000000        3.13976672228909        2.96702909072237     
   9.98665720000000        5.13741808019317        3.18821301859676     
   10.0002630000000        7.08560450733336        5.96983124900171     
   10.0138688000000        2.98102781188468        11.8975587830365     
   10.0274746000000       -3.10763744208912        6.94650672168414     
   10.0410804000000       -1.65055768676996        3.23031605968312     
   10.0546862000000       0.189671054289830        2.31091423555243     
   10.0682920000000        1.48128451937154        2.90369499876923     
   10.0818978000000       0.644452379855019        3.63238232312812     
   10.0955036000000       0.386041799700371        2.91097793684921     
   10.1091094000000       0.431643219217328        1.91684069193655     
   10.1227152000000        1.27753551934277        1.33584692898709     
   10.1363210000000        2.18575687012761        1.18092961643494     
   10.1499268000000        3.16171517849696        1.50350020955571     
   10.1635326000000        3.55703386211535        2.69885319436109     
   10.1771384000000        2.53460361493388        2.52470711208829     
   10.1907442000000        3.25803245634354        1.85510072424674     
   10.2043500000000        4.17573095704363        1.87487364408327     
   10.2179558000000        5.23518306098614        2.54611060554512     
   10.2315616000000        5.34766274093740        3.14089112454845     
   10.2451674000000        6.56938004311616        3.34085916601478     
   10.2587732000000        8.30580088659860        4.54790600077409     
   10.2723790000000        11.1337776133688        7.58604612627691     
   10.2859848000000        10.9331203570806        17.9703371917685     
   10.2995906000000       -6.02800765167021        19.0944812217330     
   10.3131964000000       -7.09171636858564        8.09674789828400     
   10.3268022000000       -3.41458798093012        4.66688817047935     
   10.3404080000000      -0.153838158792055        4.48036273052016     
   10.3540138000000        2.25483345274265        7.16404375663016     
   10.3676196000000       -1.46374373507992        11.3976207897184     
   10.3812254000000       -3.55078797014550        7.61796054846828     
   10.3948312000000       -1.77258222299543        8.96742238268154     
   10.4084370000000       -7.58596897452376        10.4534849391068     
   10.4220428000000       -8.76826504745301        4.80277139136665     
   10.4356486000000       -7.07855726302007        2.47136422472799     
   10.4492544000000       -5.65699379212002        1.48494534898609     
   10.4628602000000       -4.59703287909321        1.09340546325275     
   10.4764660000000       -3.90915122401870       0.893768180553192     
   10.4900718000000       -3.29504646284993       0.682020558419898     
   10.5036776000000       -2.72025547792055       0.603089204745585     
   10.5172834000000       -2.24265923515298       0.668288072834615     
   10.5308892000000       -2.02388463431520       0.701988319882111     
   10.5444950000000       -1.63760320929150       0.598484313163071     
   10.5581008000000       -1.19517529081343       0.738632207464489     
   10.5717066000000      -0.966340660600539        1.03304719137472     
   10.5853124000000       -1.11791660337361        1.44304527236912     
   10.5989182000000       -1.36985120426822       0.983146637514222     
   10.6125240000000      -0.915357039273600       0.682585782437401     
   10.6261298000000      -0.358630825126262       0.735564851946936     
   10.6397356000000       0.244656206226638        1.17367098369958     
   10.6533414000000       0.358719912719266        2.52750947143714     
   10.6669472000000       -1.55345919336877        2.66757297958755     
   10.6805530000000       -1.52114621323791        1.46031295878436     
   10.6941588000000       -1.17811000814973        1.28293034315982     
   10.7077646000000      -0.858472304900375        1.10946370725139     
   10.7213704000000      -0.676936899559242        1.39713311175497     
   10.7349762000000      -0.637817121147500        1.59928712703453     
   10.7485820000000       -1.39664192272731        1.85460489196377     
   10.7621878000000       -1.53162854139680       0.983072777935986     
   10.7757936000000       -1.16740276117432       0.731949708809806     
   10.7893994000000       -1.03518174662618       0.586331641062001     
   10.8030052000000      -0.840451429367976       0.484718939208430     
   10.8166110000000      -0.683194087546029       0.343627000749318     
   10.8302168000000      -0.447882594455436       0.261741875752531     
   10.8438226000000      -0.228194169244420       0.244411487393167     
   10.8574284000000      -2.221995589635672E-002  0.247409626295695     
   10.8710342000000       0.202525447133114       0.298128138317316     
   10.8846400000000       0.374132065315313       0.475034445535501     
   10.8982458000000       0.312703933888502       0.550926423476909     
   10.9118516000000       0.361337700201661       0.442298666026946     
   10.9254574000000       0.593642802616204       0.345402037938060     
   10.9390632000000       0.872542411721619       0.371455518134986     
   10.9526690000000        1.16923769209476       0.435872469536147     
   10.9662748000000        1.56781890392966       0.615606065593457     
   10.9798806000000        1.95248345322546        1.01131723503062     
   10.9934864000000        2.49112068517629        1.72485756033623     
   11.0070922000000        1.96318091670958        3.77367923624147     
   11.0206980000000      -0.517871458293170        2.98401391926195     
   11.0343038000000      -9.473708172918793E-002   1.80912899867374     
   11.0479096000000       0.144993166371559        2.09255889291346     
   11.0615154000000      -0.485792261485458        1.53077975254955     
   11.0751212000000       3.695763967770382E-003  0.850930793110441     
   11.0887270000000       0.614354276746780       0.674539127345633     
   11.1023328000000        1.22210520845238       0.714435941194558     
   11.1159386000000        1.89424891225052       0.927588059503676     
   11.1295444000000        2.80255799914674        1.44319329590350     
   11.1431502000000        4.02755168440165        2.95154472692716     
   11.1567560000000        3.60376551776252        7.33126875759918     
   11.1703618000000       -3.06778829927998        7.24897520902086     
   11.1839676000000       -3.36953984466096        3.52571254722088     
   11.1975734000000       -3.04639358084943        2.24902886584226     
   11.2111792000000       -2.38408040772434        1.18390226401457     
   11.2247850000000       -1.66011118900596       0.744069354291714     
   11.2383908000000       -1.08130265214458       0.580719477888381     
   11.2519966000000      -0.593356472150757       0.570730068757945     
   11.2656024000000      -0.225699619076641       0.677708578051675     
   11.2792082000000       0.102281373069352       0.825866468794760     
   11.2928140000000       0.421725236284542        1.05059399593321     
   11.3064198000000       0.501114197139897        1.80563382323662     
   11.3200256000000      -0.305336548275414        1.61506368809486     
   11.3336314000000       0.146578448177696        1.08888895389435     
   11.3472372000000       0.963189862480372        1.30526306148128     
   11.3608430000000        1.78468495175174        2.60460947918555     
   11.3744488000000      -8.482465164340991E-002   5.34445462841818     
   11.3880546000000       -2.93571421395584        3.09889726347619     
   11.4016604000000       -2.35163632784683        1.46779482523901     
   11.4152662000000       -1.77063669099270        1.09365122788619     
   11.4288720000000       -1.62729254875102       0.773557379788502     
   11.4424778000000       -1.25899533699550       0.473322957665628     
   11.4560836000000      -0.905337917981914       0.362098254924414     
   11.4696894000000      -0.587990381054417       0.338472509893814     
   11.4832952000000      -0.272022289364769       0.395024504571983     
   11.4969010000000       4.247405188993614E-002  0.610757201335898     
   11.5105068000000       0.237350837325688        1.08763679630337     
   11.5241126000000      -0.476898474046982        1.78624557344745     
   11.5377184000000       -1.06799925577679       0.945086233109308     
   11.5513242000000      -0.744746253952453       0.483373763603312     
   11.5649300000000      -0.415711396957040       0.351345923217073     
   11.5785358000000      -0.113916792324084       0.345208247516978     
   11.5921416000000       0.201087728840687       0.456613050182197     
   11.6057474000000       0.518106719940399       0.786717709308892     
   11.6193532000000       0.491539221960314        1.66947385986317     
   11.6329590000000      -0.812930778860880        1.66907947426279     
   11.6465648000000      -0.835246086581100       0.896432972817069     
   11.6601706000000      -0.668183671345183       0.566182932133532     
   11.6737764000000      -0.384374517350121       0.422405867861039     
   11.6873822000000      -0.232613918306840       0.465667737679609     
   11.7009880000000      -0.109417210577222       0.376956413091004     
   11.7145938000000       0.158499859944717       0.417988361854279     
   11.7281996000000       0.366073096393717       0.750680994682076     
   11.7418054000000      -1.186959380776065E-003   1.13128825522618     
   11.7554112000000      -0.405053620292135       0.755399519948886     
   11.7690170000000      -0.182095987365104       0.430670644355346     
   11.7826228000000       9.916155039327690E-002  0.421491382817161     
   11.7962286000000       0.198287346657243       0.630567664937213     
   11.8098344000000       0.150839645212344       0.631858818225191     
   11.8234402000000       7.506643056916273E-002  0.697215445332559     
   11.8370460000000       0.128879277665502       0.466536228856284     
   11.8506518000000       0.417139103121014       0.458526421078106     
   11.8642576000000       0.702412895552778       0.689748601791242     
   11.8778634000000       0.675808624067600        1.28086986045423     
   11.8914692000000       3.864140210142264E-002   1.49805260354637     
   11.9050750000000      -0.283914924436758        1.17244355666055     
   11.9186808000000      -0.367694207742027       0.729816690920330     
   11.9322866000000      -8.128634552496816E-002  0.484054601996512     
   11.9458924000000       0.264007575917194       0.489761992555095     
   11.9594982000000       0.607064200416185       0.831672689407492     
   11.9731040000000       0.228362504362800        1.69376962840546     
   11.9867098000000      -0.732527953243743        1.12504545883011     
   12.0003156000000      -0.545606579606673       0.537055554723594     
   12.0139214000000      -0.280519497187472       0.349089188433891     
   12.0275272000000      -4.083840978921183E-002  0.322046971400145     
   12.0411330000000       9.742451801323715E-002  0.476707691224888     
   12.0547388000000      -0.103557288442790       0.507021754866756     
   12.0683446000000      -4.885339604945060E-002  0.276485796468186     
   12.0819504000000       0.110258169023944       0.195728075086287     
   12.0955562000000       0.262681934893708       0.173805182857165     
   12.1091620000000       0.406526570264596       0.197048523364783     
   12.1227678000000       0.526025493118136       0.221234103176747     
   12.1363736000000       0.699058106080940       0.262004904448057     
   12.1499794000000       0.907089710262094       0.352433080385062     
   12.1635852000000        1.22930236829345       0.580673583538173     
   12.1771910000000        1.56754921393787        1.30791375482438     
   12.1907968000000       0.569136490018260        2.53835142746858     
   12.2044026000000      -0.655621205576693        1.84194437740422     
   12.2180084000000      -0.826559708602638       0.928669625863129     
   12.2316142000000      -0.517501679289597       0.494615219701277     
   12.2452200000000      -0.264288954944444       0.322071730983693     
   12.2588258000000      -3.888583634820875E-002  0.254468525379420     
   12.2724316000000       0.150514651036321       0.288701252025763     
   12.2860374000000       0.208809772310536       0.362928504434119     
   12.2996432000000       0.316547584692506       0.382680460668385     
   12.3132490000000       0.309699330911818       0.582433224070655     
   12.3268548000000       0.141337318768019       0.443520714714320     
   12.3404606000000       0.297209977383174       0.359728853841390     
   12.3540664000000       0.357479622010263       0.436904252579359     
   12.3676722000000       0.412258476952629       0.454025554249008     
   12.3812780000000       0.350424754289028       0.585225948845791     
   12.3948838000000       0.327422745107673       0.477009047557442     
   12.4084896000000       0.435964678973436       0.593261921605036     
   12.4220954000000       0.128566445911279       0.646972689126420     
   12.4357012000000       0.131942510150025       0.387827499241128     
   12.4493070000000       0.211731716782112       0.257472549812938     
   12.4629128000000       0.355750791823783       0.178827455872812     
   12.4765186000000       0.502967920958659       0.168278508219145     
   12.4901244000000       0.639403252126926       0.208865981770513     
   12.5037302000000       0.754492385092171       0.256742409849297     
   12.5173360000000       0.937897215386487       0.383807270204770     
   12.5309418000000       0.926304748682979       0.757191553842236     
   12.5445476000000       0.603732212749399       0.657886086198555     
   12.5581534000000       0.796319628162090       0.480025344742077     
   12.5717592000000        1.14457618275373       0.618934363531674     
   12.5853650000000        1.36366702061517        1.19844499096564     
   12.5989708000000        1.07914961534008        1.94792307014073     
   12.6125766000000      -0.394642661616034        2.36624685713439     
   12.6261824000000      -0.893513057611441        1.12378065547683     
   12.6397882000000      -0.621238682537856       0.554581245799036     
   12.6533940000000      -0.328855190336300       0.322880755419682     
   12.6669998000000      -9.965815809994627E-002  0.251619122556554     
   12.6806056000000       7.499325112984578E-002  0.293366250558696     
   12.6942114000000       4.511033616906268E-002  0.412217744312495     
   12.7078172000000      -2.838612666058493E-002  0.269627222501308     
   12.7214230000000       7.729640723902731E-002  0.161754976600087     
   12.7350288000000       0.179690558723879       0.146548266445224     
   12.7486346000000       0.219407825546195       0.160245289956286     
   12.7622404000000       0.251908953537276       0.127844690744571     
   12.7758462000000       0.302636276679397       9.576462291662889E-002
   12.7894520000000       0.367547169218035       7.791300890070740E-002
   12.8030578000000       0.434422834326985       7.777399146143006E-002
   12.8166636000000       0.493076424364053       0.101811186155070     
   12.8302694000000       0.508186054612223       0.116305552262057     
   12.8438752000000       0.563266057478535       9.928724963095654E-002
   12.8574810000000       0.642606789949045       0.125653442737184     
   12.8710868000000       0.683450988190218       0.206328828016448     
   12.8846926000000       0.696896924764110       0.242984391575534     
   12.8982984000000       0.684452407600185       0.367313807094706     
   12.9119042000000       0.571251841807062       0.315252281356242     
   12.9255100000000       0.627467130781745       0.307029982272091     
   12.9391158000000       0.555921456015858       0.349370936730630     
   12.9527216000000       0.562961423874637       0.272840827014651     
   12.9663274000000       0.554679830191087       0.246952257525745     
   12.9799332000000       0.638912397360098       0.194053730325256     
   12.9935390000000       0.743909060165135       0.286548176890954     
   13.0071448000000       0.587763357655995       0.447962991235626     
   13.0207506000000       0.482880937191233       0.258016584764812     
   13.0343564000000       0.580140401572478       0.169207171764886     
   13.0479622000000       0.676448308998154       0.180675532139763     
   13.0615680000000       0.708057199462508       0.292112637087596     
   13.0751738000000       0.585926003432558       0.282741772361487     
   13.0887796000000       0.591617600133255       0.218099719952760     
   13.1023854000000       0.598231772515871       0.187798551170959     
   13.1159912000000       0.610423847651753       0.121670809401873     
   13.1295970000000       0.671676019096861       8.293645498319527E-002
   13.1432028000000       0.731668018367441       7.250482594164588E-002
   13.1568086000000       0.780475471206463       7.816920952578212E-002
   13.1704144000000       0.833050106511509       8.138711536435750E-002
   13.1840202000000       0.895047594952015       0.115429878775341     
   13.1976260000000       0.924890927046170       0.177731878545300     
   13.2112318000000       0.922007979955899       0.270168623124548     
   13.2248376000000       0.789116006874717       0.274409981975319     
   13.2384434000000       0.793753057019683       0.204166268461641     
   13.2520492000000       0.787193612557715       0.144804279333192     
   13.2656550000000       0.850745645054737       9.206053837596608E-002
   13.2792608000000       0.922774104366040       8.236066066731026E-002
   13.2928666000000       0.996380983776300       9.878651521456253E-002
   13.3064724000000        1.07563102191539       0.160325569725267     
   13.3200782000000        1.06739849967792       0.319919859524069     
   13.3336840000000       0.884365702762869       0.317686389070969     
   13.3472898000000       0.886850376229275       0.176969394105264     
   13.3608956000000       0.950632369089721       0.135610131655184     
   13.3745014000000        1.01883266576898       0.116102069596004     
   13.3881072000000        1.07626315819949       0.138089131755429     
   13.4017130000000        1.11655595021987       0.136156816400257     
   13.4153188000000        1.21047843049561       0.155511711920580     
   13.4289246000000        1.30568877638797       0.255428133406441     
   13.4425304000000        1.32518530408869       0.443092149064418     
   13.4561362000000        1.10045847413891       0.635527879604751     
   13.4697420000000       0.946923884443614       0.450207384492006     
   13.4833478000000       0.914087229669070       0.400012528657355     
   13.4969536000000       0.907326865011082       0.277642647857134     
   13.5105594000000       0.977997479208656       0.183803193935236     
   13.5241652000000        1.07297936205954       0.150773700645836     
   13.5377710000000        1.16263557039112       0.163501694495050     
   13.5513768000000        1.23127663661139       0.181302314204924     
   13.5649826000000        1.34352508316196       0.232551393007269     
   13.5785884000000        1.39388101257153       0.438272871621578     
   13.5921942000000        1.18036969196639       0.508926442477065     
   13.6058000000000        1.11309654999098       0.383832741400801     
