 #Independent Particle F
 #Numkpts,nspin=         216           1
 #spin=           1
 #Number of BSE conduction states=           3
 #Number of BSE valence          states=           8
 #Total number of val/cond states=           8           6
 #Gaussian broadening= F
 #If not Gaussian broadening then Lorentzian
 #Broadenings=  1.000000000000000E-003  1.000000000000000E-003
 #LDA energies used as N.L. potential correction in BSE program and NOT lmf F
 #direction of q-vector=
 #  0.000000000000000E+000  0.000000000000000E+000   1.00000000000000     
 #Energy(eV),Real(eps),Imag(eps)
  0.000000000000000E+000   5.37328336327626       2.241814188989586E-002
  1.360580000000000E-002   5.37342984194943       2.242141628448763E-002
  2.721160000000000E-002   5.37386938318959       2.243124424748269E-002
  4.081740000000000E-002   5.37460230363723       2.244764087856524E-002
  5.442320000000000E-002   5.37562913848210       2.247062787009038E-002
  6.802900000000001E-002   5.37695061923111       2.250022291263212E-002
  8.163480000000001E-002   5.37856769637561       2.253648093049718E-002
  9.524060000000001E-002   5.38048154537600       2.257944819768354E-002
  0.108846400000000        5.38269355553005       2.262918522054816E-002
  0.122452200000000        5.38520533980700       2.268575989066794E-002
  0.136058000000000        5.38801873559042       2.274925011712587E-002
  0.149663800000000        5.39113580997796       2.281974419236684E-002
  0.163269600000000        5.39455886452871       2.289734085746233E-002
  0.176875400000000        5.39829044048412       2.298214957464781E-002
  0.190481200000000        5.40233332458719       2.307429088055898E-002
  0.204087000000000        5.40669055552381       2.317389679215886E-002
  0.217692800000000        5.41136543101732       2.328111126039322E-002
  0.231298600000000        5.41636151560685       2.339609067218550E-002
  0.244904400000000        5.42168264914742       2.351900440321674E-002
  0.258510200000000        5.42733295607317       2.365003542477750E-002
  0.272116000000000        5.43331685546955       2.378938096855999E-002
  0.285721800000000        5.43963907200460       2.393725325380814E-002
  0.299327600000000        5.44630464777744       2.409388028173944E-002
  0.312933400000000        5.45331895514250       2.425950670276985E-002
  0.326539200000000        5.46068771058097       2.443439476265438E-002
  0.340145000000000        5.46841698969240       2.461882533438084E-002
  0.353750800000000        5.47651324338896       2.481309904340627E-002
  0.367356600000000        5.48498331538462       2.501753749468993E-002
  0.380962400000000        5.49383446107816       2.523248461094300E-002
  0.394568200000000        5.50307436794091       2.545830809258138E-002
  0.408174000000000        5.51271117753077       2.569540101109432E-002
  0.421779800000000        5.52275350926747       2.594418354889309E-002
  0.435385600000000        5.53321048611652       2.620510490025061E-002
  0.448991400000000        5.54409176234639       2.647864534967578E-002
  0.462597200000000        5.55540755354067       2.676531854603342E-002
  0.476203000000000        5.56716866906573       2.706567399295575E-002
  0.489808800000000        5.57938654721728       2.738029977861172E-002
  0.503414600000000        5.59207329329270       2.770982557079689E-002
  0.517020400000000        5.60524172086458       2.805492590658119E-002
  0.530626200000000        5.61890539656240       2.841632380950364E-002
  0.544232000000000        5.63307868870168       2.879479477160229E-002
  0.557837800000000        5.64777682014351       2.919117114248019E-002
  0.571443600000000        5.66301592580848       2.960634697326860E-002
  0.585049400000000        5.67881311532291       3.004128336985275E-002
  0.598655200000000        5.69518654133092       3.049701441723288E-002
  0.612261000000000        5.71215547407226       3.097465374557507E-002
  0.625866800000000        5.72974038290259       3.147540181855685E-002
  0.639472600000000        5.74796302551513       3.200055403629490E-002
  0.653078400000000        5.76684654572528       3.255150975872885E-002
  0.666684200000000        5.78641558078834       3.312978237119531E-002
  0.680290000000000        5.80669637935438       3.373701053248258E-002
  0.693895800000000        5.82771693131083       3.437497076740473E-002
  0.707501600000000        5.84950711093872       3.504559159150741E-002
  0.721107400000000        5.87209883500726       3.575096938571134E-002
  0.734713200000000        5.89552623766775       3.649338627431774E-002
  0.748319000000000        5.91982586427448       3.727533030212687E-002
  0.761924800000000        5.94503688658356       3.809951825673140E-002
  0.775530600000000        5.97120134214701       3.896892154205668E-002
  0.789136400000000        5.99836440115945       3.988679558110322E-002
  0.802742200000000        6.02657466452675       4.085671331217996E-002
  0.816348000000000        6.05588449753779       4.188260344695285E-002
  0.829953800000000        6.08635040423703       4.296879428455692E-002
  0.843559600000000        6.11803344845671       4.412006402886125E-002
  0.857165400000000        6.15099972849367       4.534169874241512E-002
  0.870771200000000        6.18532091363777       4.663955929871488E-002
  0.884377000000000        6.22107485224591       4.802015897499889E-002
  0.897982800000000        6.25834626282982       4.949075367413231E-002
  0.911588600000000        6.29722752179879       5.105944719390560E-002
  0.925194400000000        6.33781956412879       5.273531449780165E-002
  0.938800200000000        6.38023291645943       5.452854661250749E-002
  0.952406000000000        6.42458888608181       5.645062162298223E-002
  0.966011800000000        6.47102093418289       5.851450730678980E-002
  0.979617600000000        6.51967626779421       6.073490231378531E-002
  0.993223400000000        6.57071769248900       6.312852454609702E-002
   1.00682920000000        6.62432577741243       6.571445764948705E-002
   1.02043500000000        6.68070139628020       6.851456945746673E-002
   1.03404080000000        6.74006872330183       7.155402006268417E-002
   1.04764660000000        6.80267878259246       7.486188224201819E-002
   1.06125240000000        6.86881367491023       7.847190367320238E-002
   1.07485820000000        6.93879163836957       8.242344937212727E-002
   1.08846400000000        7.01297314272784       8.676267493361188E-002
   1.10206980000000        7.09176827352249       9.154399774313890E-002
   1.11567560000000        7.17564573780135       9.683195618794446E-002
   1.12928140000000        7.26514392463433       0.102703578748848     
   1.14288720000000        7.36088459133697       0.109251429750168     
   1.15649300000000        7.46358993539623       0.116587562609658     
   1.17009880000000        7.57410407460567       0.124848704066642     
   1.18370460000000        7.69342032699431       0.134203128741835     
   1.19731040000000        7.82271620800578       0.144859885774321     
   1.21091620000000        7.96339882258137       0.157081345830396     
   1.22452200000000        8.11716444606301       0.171200509599632     
   1.23812780000000        8.28607775503569       0.187645262774263     
   1.25173360000000        8.47267870583367       0.206972958558435     
   1.26533940000000        8.68012899678153       0.229920678401026     
   1.27894520000000        8.91241630225508       0.257479852295859     
   1.29255100000000        9.17464463731678       0.291009720560909     
   1.30615680000000        9.47345621011376       0.332414560294442     
   1.31976260000000        9.81765938997113       0.384429108731009     
   1.33336840000000        10.2191894877817       0.451094632163858     
   1.34697420000000        10.6946253525265       0.538585436459245     
   1.36058000000000        11.2676711834733       0.656715244095979     
   1.37418580000000        11.9733810235498       0.821840021134164     
   1.38779160000000        12.8656939833489        1.06284331460083     
   1.40139740000000        14.0315700471627        1.43453859109693     
   1.41500320000000        15.6189017046711        2.05107029239849     
   1.42860900000000        17.8927569987076        3.18079431952388     
   1.44221480000000        21.3332932332898        5.56573624633430     
   1.45582060000000        26.5041809391306        11.7226528943389     
   1.46942640000000        28.4010482450602        30.4228143998274     
   1.48303220000000       -5.27299406993550        42.7473756092187     
   1.49663800000000       -15.5190444258730        17.5882264447867     
   1.51024380000000       -10.0600134189579        7.57731816825825     
   1.52384960000000       -5.84880621016907        4.06111542908065     
   1.53745540000000       -3.06782567376663        2.53957453199641     
   1.55106120000000       -1.13077793889196        1.76829162847923     
   1.56466700000000       0.312219078787846        1.33606399411013     
   1.57827280000000        1.45655214535794        1.08075095577349     
   1.59187860000000        2.41869115417417       0.930302709401010     
   1.60548440000000        3.27539186880418       0.851299889497848     
   1.61909020000000        4.08464552691454       0.830513689570047     
   1.63269600000000        4.89910613638310       0.869354288667088     
   1.64630180000000        5.77821909488817       0.986595122773610     
   1.65990760000000        6.80466547892025        1.23353211142438     
   1.67351340000000        8.11287285589028        1.74365707987211     
   1.68711920000000        9.92902133869073        2.91206439991720     
   1.70072500000000        12.3703010400969        6.15395290147485     
   1.71433080000000        11.0020333478871        15.3516293437872     
   1.72793660000000       -2.97023781642699        14.1943814137092     
   1.74154240000000       -3.14012116614901        5.76315216443343     
   1.75514820000000      -0.559670231028121        3.05447047924198     
   1.76875400000000        1.50590764956014        2.41032772014299     
   1.78235980000000        3.00527860001810        3.17965970786447     
   1.79596560000000        1.90732421915813        4.32179964319391     
   1.80957140000000        1.82841461808502        2.71273737322496     
   1.82317720000000        3.14145974401957        2.79413021780874     
   1.83678300000000        2.53074748828835        4.19721029862081     
   1.85038880000000        1.74706222851110        2.77690673294847     
   1.86399460000000        2.85841359388927        2.61610276668450     
   1.87760040000000        2.18584944108181        3.95411216754076     
   1.89120620000000       0.884832166256223        2.31583474293691     
   1.90481200000000        1.65741459721518        1.17916820445274     
   1.91841780000000        2.43936687548484       0.818330045083651     
   1.93202360000000        3.10442699156527       0.752924159021161     
   1.94562940000000        3.66949484824057       0.989476744606614     
   1.95923520000000        3.54672802992719        1.42898583868006     
   1.97284100000000        3.50274705112528       0.912925207389850     
   1.98644680000000        4.02577409508249       0.670244362484022     
   2.00005260000000        4.58908572357042       0.702801447879934     
   2.01365840000000        5.11254333574271        1.03580742427378     
   2.02726420000000        5.10976652129304        1.41396644644562     
   2.04087000000000        5.51394475928357        1.42923457581577     
   2.05447580000000        5.62368660625219        2.05640058905062     
   2.06808160000000        5.84301320833443        1.86722078010847     
   2.08168740000000        7.00744066723986        2.69847631120425     
   2.09529320000000        6.78070004469194        6.00613146703791     
   2.10889900000000        1.73273677540797        5.67585784822185     
   2.12250480000000        1.71094363122161        2.58615126767827     
   2.13611060000000        2.55337383150680        1.45836208214736     
   2.14971640000000        3.40790814337972       0.983041643324739     
   2.16332220000000        4.11112329386963       0.962204638432637     
   2.17692800000000        4.34586865279640        1.12644620342788     
   2.19053380000000        4.68314197976185       0.900706694038726     
   2.20413960000000        5.17820851816735        1.08014899684864     
   2.21774540000000        5.15331499548511        1.17491503423965     
   2.23135120000000        5.56686693661418        1.01069489844091     
   2.24495700000000        5.87070203186831        1.10382648647765     
   2.25856280000000        6.33487447127228        1.05423803855993     
   2.27216860000000        7.02106815686675        1.16121319410974     
   2.28577440000000        7.84784802700569        1.78089298216908     
   2.29938020000000        8.02436461886458        2.68261219426531     
   2.31298600000000        8.23766572798925        3.20345259504695     
   2.32659180000000        8.78008131548787        4.03433545339583     
   2.34019760000000        9.74306055945109        5.51439682289256     
   2.35380340000000        8.73135061344130        10.9428107153545     
   2.36740920000000       0.663178168154154        9.30360923279158     
   2.38101500000000        1.10828006589463        4.58858612491868     
   2.39462080000000        2.72077131179014        3.56171808822643     
   2.40822660000000        3.37560542464216        3.24503863904620     
   2.42183240000000        4.33514376336224        2.88560836116973     
   2.43543820000000        5.60744351904203        3.84504213239569     
   2.44904400000000        4.88719747478536        5.97527580861636     
   2.46264980000000        2.06251560715648        6.51193221883264     
   2.47625560000000       0.824952835821865        3.55017309431157     
   2.48986140000000        1.88816115861414        1.98570461635031     
   2.50346720000000        3.01639956898712        1.44015098074795     
   2.51707300000000        3.99136809290018        1.30202572013644     
   2.53067880000000        5.04213210942379        1.56016876425110     
   2.54428460000000        5.83701598677167        2.76129103816453     
   2.55789040000000        4.63543385583415        3.76325260068138     
   2.57149620000000        4.20509420453811        2.94941352967509     
   2.58510200000000        4.90583253924956        2.41318179813761     
   2.59870780000000        6.18664180534115        3.09416204710427     
   2.61231360000000        5.98535000868425        5.71975652558316     
   2.62591940000000        2.33333699301252        6.29787673990757     
   2.63952520000000        1.19931234163146        3.12170149430308     
   2.65313100000000        2.39032049697793        1.66131746019804     
   2.66673680000000        3.41554735141904        1.34353617117847     
   2.68034260000000        3.87487192438847        1.41153589174801     
   2.69394840000000        4.27473517607852        1.10354994893327     
   2.70755420000000        4.98197192211697        1.04902759470459     
   2.72116000000000        5.47235779162351        1.46428296805788     
   2.73476580000000        5.44387704848432        1.56348922440683     
   2.74837160000000        5.67834908525177        1.41516642139207     
   2.76197740000000        6.24162409915149        1.24234654350068     
   2.77558320000000        7.10001421897451        1.42488075591195     
   2.78918900000000        8.06440202094682        2.37503832747544     
   2.80279480000000        7.27108470026985        4.61840857406646     
   2.81640060000000        5.21573333773703        3.17863283746338     
   2.83000640000000        6.13109353722517        1.96469986661733     
   2.84361220000000        7.19003257660515        1.86160783800565     
   2.85721800000000        8.09492615592465        2.03973283364893     
   2.87082380000000        9.42106404131232        2.79438332916145     
   2.88442960000000        10.4064152816541        5.35412561338337     
   2.89803540000000        6.23904688109006        8.03756029466624     
   2.91164120000000        4.56093068463582        4.11760648520724     
   2.92524700000000        6.12343913370982        2.51978452272249     
   2.93885280000000        7.62808505473547        2.28786431328247     
   2.95245860000000        8.51193981571998        2.76795401638163     
   2.96606440000000        9.16213812652312        2.64863836251664     
   2.97967020000000        10.3533221258620        3.12519850604482     
   2.99327600000000        10.7218596328437        3.33034843295428     
   3.00688180000000        12.3378416841131        3.33988352145387     
   3.02048760000000        13.9112504603438        4.38914031409225     
   3.03409340000000        15.0396586896422        5.04731328854198     
   3.04769920000000        18.0530530918344        5.48487143002054     
   3.06130500000000        22.7983952420785        8.34933639931321     
   3.07491080000000        26.9072702120666        16.5437742600349     
   3.08851660000000        24.9303672116984        23.1822016751332     
   3.10212240000000        31.7152192988632        36.3076943205724     
   3.11572820000000        5.47834076938067        71.4845216175463     
   3.12933400000000       -34.7741516307258        40.6917618265884     
   3.14293980000000       -28.0015066921924        17.2603839447041     
   3.15654560000000       -20.4032216882776        9.68734550910185     
   3.17015140000000       -15.2698417479585        6.98439717045550     
   3.18375720000000       -12.7064256173307        6.40390636477267     
   3.19736300000000       -12.0850435316511        5.02532512064080     
   3.21096880000000       -10.4109899735917        2.98513422283356     
   3.22457460000000       -8.58645525125965        2.01072308107480     
   3.23818040000000       -7.10368108426635        1.48482121422361     
   3.25178620000000       -5.91445785390668        1.16037809048990     
   3.26539200000000       -4.91455597675227       0.953129239488780     
   3.27899780000000       -4.07708789008305       0.820110826650701     
   3.29260360000000       -3.35510073421220       0.713190164015973     
   3.30620940000000       -2.70776468029729       0.636151237920190     
   3.31981520000000       -2.12425305032751       0.584456196559649     
   3.33342100000000       -1.58950228049198       0.544287509859977     
   3.34702680000000       -1.07969270554642       0.521512667261929     
   3.36063260000000      -0.585590500693784       0.525530399784024     
   3.37423840000000      -9.475065701631258E-002  0.580489102785632     
   3.38784420000000       0.325562957137589       0.782860596397767     
   3.40145000000000       0.433030739344678       0.866896156215223     
   3.41505580000000       0.695571845781780       0.677869963427740     
   3.42866160000000        1.16190437136091       0.558087497187426     
   3.44226740000000        1.64836728171873       0.536117966572276     
   3.45587320000000        2.15969739317552       0.560469709197417     
   3.46947900000000        2.70313405011888       0.657068830186701     
   3.48308480000000        3.16917151101592       0.858889553080442     
   3.49669060000000        3.61314958590793       0.842860220967889     
   3.51029640000000        4.34318052846247       0.868808569172599     
   3.52390220000000        5.22804150427000        1.02168393473995     
   3.53750800000000        6.31833420904617        1.30610678922109     
   3.55111380000000        7.73716974345861        1.80867556699473     
   3.56471960000000        9.69724131067431        2.78069225645960     
   3.57832540000000        12.4463726020670        4.91214904809893     
   3.59193120000000        16.2095343096340        10.1644317378886     
   3.60553700000000        14.2268024465395        25.0688354458881     
   3.61914280000000       -7.68410657849249        23.7109743874274     
   3.63274860000000       -7.12112795450155        11.5769377933494     
   3.64635440000000       -2.83977612200108        11.4052073163841     
   3.65996020000000       -8.26045285781172        14.0251177336826     
   3.67356600000000       -10.2014629249060        7.10734528323346     
   3.68717180000000       -8.10759655114141        4.38673709896551     
   3.70077760000000       -6.84792570105943        2.72574480195437     
   3.71438340000000       -5.28419666857086        1.72099129834104     
   3.72798920000000       -3.96045618968646        1.32337855197056     
   3.74159500000000       -2.81906893200185        1.25113450124859     
   3.75520080000000       -1.75219109002483        1.60379554538576     
   3.76880660000000       -1.33503582574871        2.95232479954666     
   3.78241240000000       -3.15875208610064        2.91532443505381     
   3.79601820000000       -2.94054501819935        1.42468807760966     
   3.80962400000000       -2.17554770850541       0.854337162663435     
   3.82322980000000       -1.52502165135162       0.638793437964719     
   3.83683560000000      -0.970724246253922       0.545378441337978     
   3.85044140000000      -0.466530860544285       0.507907772475602     
   3.86404720000000       2.239006080242878E-002  0.506631316217984     
   3.87765300000000       0.523392097668442       0.541264233262696     
   3.89125880000000        1.05835692848845       0.615929210704623     
   3.90486460000000        1.68514609772290       0.742775360594269     
   3.91847040000000        2.47264238192700       0.995358300022387     
   3.93207620000000        3.53457002492038        1.52631425966718     
   3.94568200000000        5.03894298338753        2.82925500723102     
   3.95928780000000        6.47126937456149        6.63775644698072     
   3.97289360000000       0.908375125899585        12.4557928600499     
   3.98649940000000       -4.90319177404861        8.58004401533984     
   4.00010520000000       -5.56183903166626        4.21653560445767     
   4.01371100000000       -4.20934303415291        2.05271901113519     
   4.02731680000000       -3.01905817298630        1.19457693430857     
   4.04092260000000       -2.15678402582543       0.811023491341658     
   4.05452840000000       -1.50092032880853       0.616474365797152     
   4.06813420000000      -0.968166127944902       0.511770041889877     
   4.08174000000000      -0.505002584367561       0.460425914561097     
   4.09534580000000      -7.442933323241663E-002  0.455644566419939     
   4.10895160000000       0.343475065473604       0.520033173343106     
   4.12255740000000       0.744200632771275       0.697658371126343     
   4.13616320000000       0.903401489240971        1.12486728897834     
   4.14976900000000       0.750283206679027        1.06203583480912     
   4.16337480000000       0.996029655061911        1.08069728271831     
   4.17698060000000       0.878702464974853        1.00637792112730     
   4.19058640000000        1.20729605041423       0.682783675776164     
   4.20419220000000        1.69718265703125       0.597422846278891     
   4.21779800000000        2.24609287700132       0.639317382746686     
   4.23140380000000        2.89597328673404       0.816352352153606     
   4.24500960000000        3.73553934247245        1.24719575391608     
   4.25861540000000        4.83495374906302        2.42371998929614     
   4.27222120000000        4.75307475379283        5.80209814442666     
   4.28582700000000      -0.155036960980101        6.00653910840400     
   4.29943280000000      -0.616737727362988        3.00473679176617     
   4.31303860000000       0.475400652262737        1.68157514163983     
   4.32664440000000        1.55741191830075        1.39728646185146     
   4.34025020000000        2.31433147198873        1.38284776245044     
   4.35385600000000        3.30208150124832        1.39033690981726     
   4.36746180000000        4.61992461414783        1.81630041051333     
   4.38106760000000        6.29545842812913        3.13531474193863     
   4.39467340000000        7.21369755346047        6.63203151559868     
   4.40827920000000        3.54214032161402        10.1387372679097     
   4.42188500000000        1.37998387161843        7.19731840341976     
   4.43549080000000        3.57514916288829        8.01916440905965     
   4.44909660000000        1.69562732766482        12.3728947162072     
   4.46270240000000       -4.79098647744546        13.7458099474739     
   4.47630820000000       -8.61228484968791        7.00098613605358     
   4.48991400000000       -6.47514872179172        3.30599892699377     
   4.50351980000000       -4.48409347773874        2.22612329026056     
   4.51712560000000       -3.12990617554214        2.45529655416331     
   4.53073140000000       -3.71061897761352        2.89919790635107     
   4.54433720000000       -3.62701072735379        1.56047264893029     
   4.55794300000000       -2.77667227133733        1.00325114963152     
   4.57154880000000       -2.05270526367148       0.905099152738886     
   4.58515460000000       -1.59164712709065        1.15843260883824     
   4.59876040000000       -1.72938179907914        1.07597345126019     
   4.61236620000000       -1.37069322114221       0.731497324275363     
   4.62597200000000      -0.930274613708123       0.600727913466704     
   4.63957780000000      -0.479793044751041       0.568060434273612     
   4.65318360000000       3.748952101031766E-002  0.638283263708354     
   4.66678940000000       0.637982324473992       0.923184969835315     
   4.68039520000000        1.25820730179067        1.68513141086006     
   4.69400100000000       0.867016182602857        3.60283051542592     
   4.70760680000000       -1.62806799559427        2.92474804710172     
   4.72121260000000       -1.30586037004267        1.38575746185131     
   4.73481840000000      -0.535851466601411       0.927080729655774     
   4.74842420000000       0.214342299000443       0.916685810521274     
   4.76203000000000        1.03068843397214        1.33575760436732     
   4.77563580000000        1.64977163754398        2.85586104637282     
   4.78924160000000      -0.892442680821241        4.53722339565991     
   4.80284740000000       -2.09382984036345        2.19496023564053     
   4.81645320000000       -1.37090934993154        1.15918143643558     
   4.83005900000000      -0.670959920430846       0.829729568691804     
   4.84366480000000      -1.255389538932117E-002  0.828206637068605     
   4.85727060000000       0.656279744916792        1.21047741676154     
   4.87087640000000       0.717785169933265        2.34803420603016     
   4.88448220000000      -0.233846559947275        2.46338627336146     
   4.89808800000000      -0.649989296539069        2.04574975831109     
   4.91169380000000      -0.377205506271163        1.88592317600245     
   4.92529960000000      -0.817932378098399        2.20225915575726     
   4.93890540000000       -1.19202587559410        1.43477690145872     
   4.95251120000000      -0.887672223014731       0.849197398943228     
   4.96611700000000      -0.421763973525509       0.658815818925590     
   4.97972280000000      -8.429458741153972E-002  0.621172847419369     
   4.99332860000000       0.285893859238864       0.715709975748881     
   5.00693440000000       0.517700038327864       0.960699238533099     
   5.02054020000000       0.276812942831348        1.34382671164818     
   5.03414600000000       0.139879832504902       0.832356741992326     
   5.04775180000000       0.595757864140261       0.600652497283409     
   5.06135760000000        1.11251873635388       0.634785053497948     
   5.07496340000000        1.70880194035031       0.895898816927750     
   5.08856920000000        2.27579349279172        1.67373893830630     
   5.10217500000000        2.07792686770403        2.47579085268415     
   5.11578080000000        2.50982317788518        3.64148664276488     
   5.12938660000000       7.746621561004419E-002   5.49121869743286     
   5.14299240000000       -1.57616102290128        3.74135451526888     
   5.15659820000000       -1.66126571852655        2.52785188337275     
   5.17020400000000       -1.13418551846558        2.24228037974359     
   5.18380980000000       -1.68258353413668        2.04979168285808     
   5.19741560000000       -1.44304187889073        1.13826454131709     
   5.21102140000000      -0.867993989666876       0.953489101309372     
   5.22462720000000      -0.707969270107473        1.14939785639688     
   5.23823300000000      -0.822999558888289       0.886043005153339     
   5.25183880000000      -0.629386914136713       0.659857878618573     
   5.26544460000000      -0.347509915869755       0.465659938045693     
   5.27905040000000      -2.231664888659401E-002  0.430580363793180     
   5.29265620000000       0.284702310526622       0.483855847187961     
   5.30626200000000       0.554076685430834       0.743319904186461     
   5.31986780000000       0.424397408070775       0.929129852145556     
   5.33347360000000       0.572173542155349       0.902675247597274     
   5.34707940000000       0.638363963744577       0.929063666757656     
   5.36068520000000        1.04107170157095        1.10736755697570     
   5.37429100000000        1.13758436363729        1.92974758252999     
   5.38789680000000      -2.207701690627206E-002   2.17080031502156     
   5.40150260000000      -0.180793498148079        1.53394923693879     
   5.41510840000000      -7.766818249079011E-002   1.43416143448402     
   5.42871420000000      -0.228864356226760        1.09222014255742     
   5.44232000000000       0.161108014509021       0.906830063386411     
   5.45592580000000       0.208342519607574        1.18371424189498     
   5.46953160000000       0.114430126867700       0.934641891099553     
   5.48313740000000       0.274995402130216       0.961506326377825     
   5.49674320000000       0.346529899529450       0.826592404831287     
   5.51034900000000       0.548543614035699       0.985917786553069     
   5.52395480000000       0.298324573580152       0.909756283433097     
   5.53756060000000       0.591904757227202       0.629965039900107     
   5.55116640000000        1.01466308165222       0.709924192911165     
   5.56477220000000        1.30617555630671        1.16821787836928     
   5.57837800000000        1.07072450018338        1.59013731122611     
   5.59198380000000       0.719303032470297        1.71243127614305     
   5.60558960000000       0.635796653827089        1.40786516570086     
   5.61919540000000       0.615567870855303        1.50424086886342     
   5.63280120000000       0.813821128020223        1.32320897922470     
   5.64640700000000       0.793458347650959        1.70994710279033     
   5.66001280000000       0.795403536540349        1.61218898807809     
   5.67361860000000       0.573696924724945        1.86028175414883     
   5.68722440000000       0.734062543006318        1.77730499102448     
   5.70083020000000       0.259245932253638        2.19905606639752     
   5.71443600000000      -3.661419236203289E-002   1.63879914456099     
   5.72804180000000       0.366324430466356        1.46358702096526     
   5.74164760000000       0.512212802715044        1.82915935710675     
   5.75525340000000      -0.132899415058608        2.11893543036285     
   5.76885920000000      -0.625498018830883        1.44236365797485     
   5.78246500000000      -0.237783480758418       0.813509149048992     
   5.79607080000000       0.286731597456997       0.684299492477153     
   5.80967660000000       0.739571163301495       0.820236799001078     
   5.82328240000000        1.08749883041719        1.33249162817747     
   5.83688820000000       0.688453128460220        1.75706352335412     
   5.85049400000000       0.796533576783863        1.66889073451260     
   5.86409980000000       0.459328843745458        2.50460430126972     
   5.87770560000000      -0.372463725376091        1.81688354291490     
   5.89131140000000       4.890501920697099E-002   1.45725341591991     
   5.90491720000000       9.424656588266078E-003   1.84271064885049     
   5.91852300000000      -0.297351533225999        1.43649388133714     
   5.93212880000000      -8.879245492833965E-002   1.30542793408331     
   5.94573460000000      -2.658137485834211E-002   1.33865637215567     
   5.95934040000000       0.134715334189310        1.15631536169401     
   5.97294620000000       0.630749359973184        1.53715315221561     
   5.98655200000000       8.173862023610379E-002   2.74448351891006     
   6.00015780000000       -1.45255731637333        1.97633924679544     
   6.01376360000000       -1.33348207773086       0.974536617076488     
   6.02736940000000      -0.949010479653382       0.534959416031396     
   6.04097520000000      -0.631867076236895       0.356390463868457     
   6.05458100000000      -0.380642903024384       0.270205403878053     
   6.06818680000000      -0.162082163740044       0.238558869929988     
   6.08179260000000       2.617012199779878E-002  0.270504150559929     
   6.09539840000000       8.272529867177103E-002  0.337657648627440     
   6.10900420000000       0.161174966350399       0.246695263018387     
   6.12261000000000       0.335601472681457       0.213119446331349     
   6.13621580000000       0.526242193489266       0.238174473320181     
   6.14982160000000       0.735907986337112       0.338235784484065     
   6.16342740000000       0.898456039375420       0.601507752622336     
   6.17703320000000       0.723206665128143       0.884840158250899     
   6.19063900000000       0.600907776282788       0.820589701460546     
   6.20424480000000       0.623256053380681       0.872631082061069     
   6.21785060000000       0.606920432614261       0.828174851461064     
   6.23145640000000       0.755202658260709        1.02442049665351     
   6.24506220000000       0.342453720668920        1.25983438491466     
   6.25866800000000       0.159525170109402       0.954669267160275     
   6.27227380000000       0.186532332426818       0.823837407754891     
   6.28587960000000       0.202576903278812       0.634631252256052     
   6.29948540000000       0.404407545220187       0.554729607801887     
   6.31309120000000       0.423329337837176       0.635370779233678     
   6.32669700000000       0.438374807222852       0.565362764714699     
   6.34030280000000       0.520608644046803       0.478974226817899     
   6.35390860000000       0.709166424271119       0.420057795049334     
   6.36751440000000       0.964248803114443       0.559351990101826     
   6.38112020000000       0.947633912418058       0.949975897237269     
   6.39472600000000       0.648311918934276       0.900771642209236     
   6.40833180000000       0.735252337354236       0.713397287540607     
   6.42193760000000        1.03255996227084       0.863965789952889     
   6.43554340000000       0.747437845280962        1.37253995189046     
   6.44914920000000       0.456578680103868       0.959894097099795     
   6.46275500000000       0.700652225198131       0.994455281845422     
   6.47636080000000       0.467970829819580        1.14172100528069     
   6.48996660000000       0.402243392498669       0.939864914279006     
   6.50357240000000       0.433647041605662       0.791538528577288     
   6.51717820000000       0.638912851396737       0.798732067467638     
   6.53078400000000       0.512655618422818       0.985775231033442     
   6.54438980000000       0.514400290078767       0.756422994122578     
   6.55799560000000       0.657651697427675       0.798742908617027     
   6.57160140000000       0.711446383723557       0.867795077539405     
   6.58520720000000       0.848564281803511       0.940322908758774     
   6.59881300000000       0.770909781726602        1.28809074991326     
   6.61241880000000       0.468199312086604        1.35709206116376     
   6.62602460000000       6.847895617140543E-002   1.29932007780521     
   6.63963040000000       7.112464062900170E-002  0.792880642443934     
   6.65323620000000       0.358339202571867       0.735856419614154     
   6.66684200000000       0.507559647222495       0.803363208249998     
   6.68044780000000       0.562704975215140        1.11903737968849     
   6.69405360000000      -1.758555075951396E-002   1.29701349745820     
   6.70765940000000      -0.115049193099877       0.789030408047992     
   6.72126520000000      -8.501548383329660E-002  0.708001256584616     
   6.73487100000000      -7.663639680929224E-002  0.430129125244727     
   6.74847680000000       0.111809353932646       0.280008048739907     
   6.76208260000000       0.270028806319043       0.264856369581312     
   6.77568840000000       0.338242226560109       0.279661954958754     
   6.78929420000000       0.387506285411801       0.219315479036638     
   6.80290000000000       0.502339140264700       0.182790993842623     
   6.81650580000000       0.612192453638686       0.184815307932843     
   6.83011160000000       0.733716077725241       0.201492430980652     
   6.84371740000000       0.889974204488769       0.271969916170857     
   6.85732320000000        1.03761750801275       0.531954618744799     
   6.87092900000000       0.690982027916949       0.857320402505992     
   6.88453480000000       0.490995944806815       0.622926174822555     
   6.89814060000000       0.456946804079225       0.482488862061865     
   6.91174640000000       0.475041755721806       0.343130420507891     
   6.92535220000000       0.599082665564121       0.238142416231537     
   6.93895800000000       0.728254121177479       0.248789266995919     
   6.95256380000000       0.776551778182200       0.287589270380697     
   6.96616960000000       0.800497368995291       0.286166661046183     
   6.97977540000000       0.884441544734588       0.309024892098214     
   6.99338120000000       0.890564800761882       0.351361319803751     
   7.00698700000000       0.939502884353343       0.345840120160034     
   7.02059280000000        1.02976605254912       0.448631043113859     
   7.03419860000000       0.832025362107381       0.596706525926248     
   7.04780440000000       0.765440383001699       0.394038699382730     
   7.06141020000000       0.893931643972983       0.304480049044025     
   7.07501600000000       0.989279137918952       0.394569805569990     
   7.08862180000000       0.969115966219645       0.435358420055818     
   7.10222760000000       0.866107127216688       0.460070892379712     
   7.11583340000000       0.891566920522750       0.298157211564510     
   7.12943920000000        1.01548343951882       0.259895500292741     
   7.14304500000000        1.12685970228717       0.318043516196540     
   7.15665080000000        1.13707836550786       0.348081762865007     
   7.17025660000000        1.22921713284203       0.365033732671509     
   7.18386240000000        1.36167861436465       0.513410391083878     
   7.19746820000000        1.14193278701113       0.817544472621617     
   7.21107400000000       0.913382866044570       0.625948006593392     
   7.22467980000000       0.901709463161676       0.424985660062529     
   7.23828560000000        1.02614241787144       0.336937427088842     
   7.25189140000000        1.08509339779253       0.284266211510843     
   7.26549720000000        1.21464318767886       0.231342705118212     
   7.27910300000000        1.35889976101714       0.242838834988293     
   7.29270880000000        1.51174717896412       0.316282111690376     
   7.30631460000000        1.57763503283683       0.463450766260381     
   7.31992040000000        1.55000562898624       0.468537117292354     
   7.33352620000000        1.77484721917218       0.471933282551948     
   7.34713200000000        2.01300661963193       0.784503576027226     
   7.36073780000000        1.94183847327433        1.07583728920077     
   7.37434360000000        2.11753298493495        1.69214010083552     
   7.38794940000000       0.685806204814439        2.36902870741583     
   7.40155520000000       0.193517527008680        1.14134847987107     
   7.41516100000000       0.480525591579098       0.706933955520735     
   7.42876680000000       0.694433697316109       0.449196320898613     
   7.44237260000000       0.961637564377987       0.366980419345315     
   7.45597840000000        1.10585582077667       0.380708482605000     
   7.46958420000000        1.25664586694073       0.352135799050385     
   7.48319000000000        1.39538692574503       0.362041248425499     
   7.49679580000000        1.61269368027835       0.417829200569098     
   7.51040160000000        1.66518883490254       0.692854001863177     
   7.52400740000000        1.50482764301294       0.555799668337698     
   7.53761320000000        1.75214988656751       0.412897853750612     
   7.55121900000000        2.06556517139280       0.423526327896799     
   7.56482480000000        2.45207844833908       0.552033443835094     
   7.57843060000000        2.83513451586556       0.840851342300148     
   7.59203640000000        3.40046208241933        1.16182787745443     
   7.60564220000000        4.40097360061499        2.17508702827017     
   7.61924800000000        4.91029078095227        5.42118886075040     
   7.63285380000000      -0.858963035540642        7.93593897075734     
   7.64645960000000       -2.80638957418739        3.56146178623685     
   7.66006540000000       -1.95824914413260        2.01286545006884     
   7.67367120000000       -1.57928021668329        1.25210772948040     
   7.68727700000000       -1.00691033641203       0.749686481319118     
   7.70088280000000      -0.552207787657574       0.662740470472011     
   7.71448860000000      -0.449320133700364       0.647274630348928     
   7.72809440000000      -0.291350392663537       0.453559813268525     
   7.74170020000000      -0.112637433685401       0.379011515959785     
   7.75530600000000       6.844391438107356E-002  0.281913657440424     
   7.76891180000000       0.280589207878684       0.274767832141634     
   7.78251760000000       0.425723522737219       0.339448605157826     
   7.79612340000000       0.586958726564625       0.396786093514958     
   7.80972920000000       0.705058870290187       0.716573278493383     
   7.82333500000000       0.208956211324261       0.853760022892427     
   7.83694080000000       0.154215368942801       0.467686496929855     
   7.85054660000000       0.292962539598690       0.348990476269848     
   7.86415240000000       0.369683386004454       0.277913816498110     
   7.87775820000000       0.464992328304499       0.245645841382981     
   7.89136400000000       0.524735205824231       0.221968987813820     
   7.90496980000000       0.589976798127366       0.197476224159027     
   7.91857560000000       0.669782222425693       0.185949911340643     
   7.93218140000000       0.729646016222908       0.176771329449542     
   7.94578720000000       0.810584300698609       0.202635033254783     
   7.95939300000000       0.833833720208068       0.240680487169494     
   7.97299880000000       0.805852849488365       0.224241327460867     
   7.98660460000000       0.875152062618403       0.145979775953548     
   8.00021040000000       0.982710199691814       0.133170903800208     
   8.01381620000000        1.08351436909243       0.166888938182004     
   8.02742200000000        1.14428193185950       0.221886637884430     
   8.04102780000000        1.19040885782412       0.285693348930630     
   8.05463360000000        1.16857526046472       0.324350103206483     
   8.06823940000000        1.17572205946095       0.298982079584419     
   8.08184520000000        1.22953832196779       0.230191986419048     
   8.09545100000000        1.37005943703832       0.195838686712151     
   8.10905680000000        1.53514435676930       0.213751785883051     
   8.12266260000000        1.73595903201856       0.270687075666197     
   8.13626840000000        1.97754830200477       0.415203802908462     
   8.14987420000000        2.22289033922361       0.616727237317917     
   8.16348000000000        2.68338106819299        1.00016866823588     
   8.17708580000000        3.24012707336641        2.26282857642446     
   8.19069160000000        1.29926298963869        4.74636594065027     
   8.20429740000000       -1.34558328969925        2.62726154288900     
   8.21790320000000      -0.878891211400511        1.10930407458644     
   8.23150900000000      -0.361513248755859       0.673164087428645     
   8.24511480000000      -0.133837594853933       0.479237102259393     
   8.25872060000000       9.954080880137517E-002  0.315163585433910     
   8.27232640000000       0.277654734977157       0.242207518483473     
   8.28593220000000       0.427225551323986       0.185549243048721     
   8.29953800000000       0.566878546233817       0.154713914799766     
   8.31314380000000       0.701646767825125       0.149464797169603     
   8.32674960000000       0.836509507761599       0.183913613178793     
   8.34035540000000       0.932843783780361       0.318479100303404     
   8.35396120000000       0.776956224388968       0.382766990052667     
   8.36756700000000       0.816998555430904       0.227147238522883     
   8.38117280000000       0.951924267647521       0.209204884333708     
   8.39477860000000        1.03384113666908       0.293226517130369     
   8.40838440000000        1.04293611150111       0.315323488725844     
   8.42199020000000        1.07205403071446       0.416085773885350     
   8.43559600000000       0.929546127687787       0.386624031449349     
   8.44920180000000        1.00448304187066       0.276606779003448     
   8.46280760000000        1.07200993174371       0.323035477447683     
   8.47641340000000        1.03064461832409       0.260754483299870     
   8.49001920000000        1.13758449753275       0.185655366595627     
   8.50362500000000        1.25442157566462       0.171008451121601     
   8.51723080000000        1.39960338585703       0.181735580874066     
   8.53083660000000        1.58007241342180       0.244058443693044     
   8.54444240000000        1.81968526377361       0.409956922034599     
   8.55804820000000        2.08402993855785       0.910246087946838     
   8.57165400000000        1.41442963277997        1.90805744278057     
   8.58525980000000       0.372871341843389        1.13011704231957     
   8.59886560000000       0.613307921452390       0.542718693509143     
   8.61247140000000       0.878341628598723       0.467149125256137     
   8.62607720000000       0.823757956204392       0.496675140777410     
   8.63968300000000       0.874104844384350       0.274596083189466     
   8.65328880000000        1.03746221082485       0.181100970417688     
   8.66689460000000        1.18520357177013       0.151036562960009     
   8.68050040000000        1.32397547124965       0.146675032838470     
   8.69410620000000        1.46751597099719       0.161598164843274     
   8.70771200000000        1.62995092354754       0.205919493878760     
   8.72131780000000        1.81785907348125       0.327126966509065     
   8.73492360000000        1.86895880127707       0.615708297091005     
   8.74852940000000        1.73275492645865       0.580142859931060     
   8.76213520000000        1.93219370763707       0.544117338420370     
   8.77574100000000        2.21256689780538       0.713877059859953     
   8.78934680000000        2.47620289538406        1.01483126863302     
   8.80295260000000        2.69555372984715        1.92182046884471     
   8.81655840000000        1.61913706175313        2.39290557944072     
   8.83016420000000        1.60638907253450        2.48575654778267     
   8.84377000000000       0.326290789553707        2.85804465616656     
   8.85737580000000      -0.320106256399343        1.70801482322380     
   8.87098160000000       0.166918450315133        1.06581983344376     
   8.88458740000000       0.507681209763283        1.32087204759847     
   8.89819320000000      -5.672334749245866E-002   1.27907575180697     
   8.91179900000000      -1.192507969369627E-002  0.808197268016227     
   8.92540480000000       4.951754818519172E-002  0.574389911410894     
   8.93901060000000       0.252040765667871       0.335769463488403     
   8.95261640000000       0.457679749278257       0.272818059770929     
   8.96622220000000       0.565910886694755       0.232055692167853     
   8.97982800000000       0.708634517506754       0.178146043312288     
   8.99343380000000       0.851282040011872       0.173802437331908     
   9.00703960000000       0.985450849969649       0.191527282768683     
   9.02064540000000        1.12013495768274       0.281214519780013     
   9.03425120000000        1.08057333073219       0.387061902606821     
   9.04785700000000        1.15308597178028       0.304379338240961     
   9.06146280000000        1.34429808204597       0.405404294015001     
   9.07506860000000        1.26409667601935       0.730576580922186     
   9.08867440000000        1.01534252857435       0.538158238982165     
   9.10228020000000        1.19854344079185       0.395890022196157     
   9.11588600000000        1.40190085388226       0.548617827883229     
   9.12949180000000        1.20031870857645       0.767412140085476     
   9.14309760000000        1.17358633590780       0.505669924738441     
   9.15670340000000        1.45908944819662       0.512965511938227     
   9.17030920000000        1.64314502527133       0.841857206620516     
   9.18391500000000        1.42334233521984        1.40840042726540     
   9.19752080000000       0.640601186750777        1.09563558816607     
   9.21112660000000       0.859862742630971       0.650157604326453     
   9.22473240000000        1.08404938393893       0.745255420814128     
   9.23833820000000       0.960214888437826       0.943884829681183     
   9.25194400000000       0.703249426952133       0.676709652717162     
   9.26554980000000       0.847762246447460       0.526451642241493     
   9.27915560000000       0.856484386330987       0.409970044033624     
   9.29276140000000        1.01805694022348       0.263029958958501     
   9.30636720000000        1.21919655847866       0.226772793304149     
   9.31997300000000        1.42506190472301       0.261138603997794     
   9.33357880000000        1.62419031934093       0.408612975872948     
   9.34718460000000        1.64142409156987       0.595694733171924     
   9.36079040000000        1.76757645465278       0.776392165412204     
   9.37439620000000        1.37715390847323        1.04323422974755     
   9.38800200000000        1.33549633299642       0.604644751000460     
   9.40160780000000        1.68355132074078       0.502225789726011     
   9.41521360000000        1.98430680041445       0.645294257302587     
   9.42881940000000        2.30574455653965       0.749960279278276     
   9.44242520000000        2.93400334262074        1.17566312261369     
   9.45603100000000        3.53566140619158        2.58413928433493     
   9.46963680000000        1.63274882559156        4.91125537545200     
   9.48324260000000      -0.346430655618172        3.39335769653292     
   9.49684840000000      -0.667780375316671        2.97180389425830     
   9.51045420000000       -1.34753060537529        1.91633731913390     
   9.52406000000000       -1.10141112924258        1.03681620313464     
   9.53766580000000      -0.667711070245359       0.575114990680459     
   9.55127160000000      -0.317145346862947       0.432087286416195     
   9.56487740000000      -0.129667457452170       0.361582697211711     
   9.57848320000000       3.613636158574085E-002  0.300416611882719     
   9.59208900000000       0.139080793508984       0.260562520035041     
   9.60569480000000       0.261549469480988       0.201865162906394     
   9.61930060000000       0.378677660407267       0.193287763939184     
   9.63290640000000       0.455228379711294       0.169547775132628     
   9.64651220000000       0.566262782767522       0.162320429019374     
   9.66011800000000       0.646479684493204       0.180748890122233     
   9.67372380000000       0.758499893922356       0.210430382649865     
   9.68732960000000       0.822362180951229       0.369377054436833     
   9.70093540000000       0.618599420992687       0.441522532242922     
   9.71454120000000       0.602674232804665       0.247005064842459     
   9.72814700000000       0.709234096029274       0.193497258860344     
   9.74175280000000       0.772692025992024       0.169475301756351     
   9.75535860000000       0.883596532426606       0.162304418100931     
   9.76896440000000        1.00767570982308       0.246814619545204     
   9.78257020000000       0.973811256703553       0.479505456751514     
   9.79617600000000       0.737563449452759       0.412878470133083     
   9.80978180000000       0.764027023178635       0.259047947019059     
   9.82338760000000       0.832002025635219       0.243238483862948     
   9.83699340000000       0.850573295210041       0.197395547936349     
   9.85059920000000       0.912294909555437       0.203779724403487     
   9.86420500000000       0.894232447194536       0.172544645983978     
   9.87781080000000       0.961574327835691       0.112572940736884     
   9.89141660000000        1.04594614081233       9.716906230045891E-002
   9.90502240000000        1.13312839114619       0.104219618181388     
   9.91862820000000        1.23106897908692       0.141818337047322     
   9.93223400000000        1.31629966031953       0.253377892863026     
   9.94583980000000        1.26230132689949       0.398906113343836     
   9.95944560000000        1.18586632742721       0.349034548940975     
   9.97305140000000        1.23244286644877       0.411067655068848     
   9.98665720000000        1.14621048319560       0.373432484270804     
   10.0002630000000        1.24704028262822       0.378070701067052     
   10.0138688000000        1.15161275732850       0.560708740585806     
   10.0274746000000       0.984797731703856       0.358338156227838     
   10.0410804000000        1.10503469676583       0.240761534407753     
   10.0546862000000        1.17734498170683       0.240414594780563     
   10.0682920000000        1.24857928714797       0.241185016647224     
   10.0818978000000        1.26977863162659       0.252937333106059     
   10.0955036000000        1.33577455810293       0.251253663287049     
   10.1091094000000        1.35435807135361       0.290911955609637     
   10.1227152000000        1.35992295289895       0.236971685772822     
   10.1363210000000        1.46075657134169       0.184843128425934     
   10.1499268000000        1.60756068902309       0.193532005063993     
   10.1635326000000        1.75248919717967       0.278939316352484     
   10.1771384000000        1.85933029177885       0.388243904615566     
   10.1907442000000        1.91466588780333       0.577979484163868     
   10.2043500000000        1.86537870658561       0.618409730485582     
   10.2179558000000        2.11180555228354       0.626803936565173     
   10.2315616000000        2.42050998043387       0.952250780748186     
   10.2451674000000        2.72918625339928        1.79590624523136     
   10.2587732000000        1.27791457134977        3.12002496729700     
   10.2723790000000       0.197246571274651        1.72604069140440     
   10.2859848000000       0.563581725820912        1.32825248488106     
   10.2995906000000       0.253423476419154        1.11158552430873     
   10.3131964000000       0.479557834926606       0.590963215233810     
   10.3268022000000       0.847113958850612       0.457614232398411     
   10.3404080000000        1.11744448715401       0.527770767464543     
   10.3540138000000        1.35452950319862       0.634740049711619     
   10.3676196000000        1.48680232597939       0.941954204219805     
   10.3812254000000        1.61608716926000        1.31601468155609     
   10.3948312000000        1.10407345166815        2.04682814302409     
   10.4084370000000       0.233719334992876        1.62339492681658     
   10.4220428000000       0.263392046599358        1.34100626251437     
   10.4356486000000      -0.140718928024894        1.11717044374580     
   10.4492544000000      -3.360102729585490E-002  0.561794219026005     
   10.4628602000000       0.223456542150601       0.411526527256805     
   10.4764660000000       0.285096739007738       0.368140207984162     
   10.4900718000000       0.378275383211437       0.218257652518754     
   10.5036776000000       0.519592804818195       0.148824130726795     
   10.5172834000000       0.638399457062645       0.124655002713493     
   10.5308892000000       0.733567945228908       0.116207244958878     
   10.5444950000000       0.829301882423040       0.117069309326639     
   10.5581008000000       0.914665942189283       0.149884621301108     
   10.5717066000000       0.982247621398683       0.186272597294379     
   10.5853124000000        1.03790252256860       0.304147375174545     
   10.5989182000000       0.870303806240727       0.360686140961237     
   10.6125240000000       0.875494616285674       0.200939788385882     
   10.6261298000000       0.978114408225828       0.170214212179469     
   10.6397356000000        1.01277087886804       0.199171540581949     
   10.6533414000000        1.04810685546758       0.197262588848997     
   10.6669472000000        1.04068709370439       0.181158083458494     
   10.6805530000000        1.11036356583868       0.133402445642832     
   10.6941588000000        1.19770295069651       0.142490135674195     
   10.7077646000000        1.29595807648257       0.186812056096812     
   10.7213704000000        1.35157545548942       0.350451039514519     
   10.7349762000000        1.18106933716919       0.424228157174306     
   10.7485820000000        1.12180500292766       0.385455690442206     
   10.7621878000000        1.04870035566148       0.261380272753248     
   10.7757936000000        1.13537973871552       0.152662873778759     
   10.7893994000000        1.22788161886033       0.118244100864394     
   10.8030052000000        1.31353042840433       0.116411863384887     
   10.8166110000000        1.37608482364949       0.121699837627185     
   10.8302168000000        1.45931645667582       0.120506457960620     
   10.8438226000000        1.54437172796767       0.154497534771922     
   10.8574284000000        1.62217432945481       0.170889330864273     
   10.8710342000000        1.76205851582813       0.226377167424437     
   10.8846400000000        1.88994203602880       0.415601367934716     
   10.8982458000000        1.84049127333062       0.696768164208278     
   10.9118516000000        1.43326696569701       0.714238322823409     
   10.9254574000000        1.49819108091274       0.410020471194421     
   10.9390632000000        1.66855160809571       0.401568926057974     
   10.9526690000000        1.75159162884905       0.356854535453763     
   10.9662748000000        1.97855916851815       0.360724034121081     
   10.9798806000000        2.16630674154878       0.473502304591350     
   10.9934864000000        2.44834817084513       0.554095483471200     
   11.0070922000000        2.84686624206686       0.893295471280533     
   11.0206980000000        3.19997708197475        1.40897422675062     
   11.0343038000000        3.74789795088886        2.64832643586790     
   11.0479096000000        2.47169802411459        5.62113668000323     
   11.0615154000000       -1.80893151207571        4.09283293911655     
   11.0751212000000       -1.53023940145392        1.61774053695837     
   11.0887270000000      -0.789860799120052       0.814269633902574     
   11.1023328000000      -0.284028247266159       0.552300315806222     
   11.1159386000000      -2.750531821525715E-002  0.453847976690240     
   11.1295444000000       0.205120484180029       0.323523210319618     
   11.1431502000000       0.448100120100588       0.308552703110533     
   11.1567560000000       0.589947079648293       0.451635597190398     
   11.1703618000000       0.440262822895503       0.451551024022931     
   11.1839676000000       0.507402647764655       0.275364762773117     
   11.1975734000000       0.625179312002563       0.203134617774972     
   11.2111792000000       0.756464076407325       0.159842276114504     
   11.2247850000000       0.895064341716141       0.160153603875229     
   11.2383908000000        1.04323441345253       0.211929234133847     
   11.2519966000000        1.17304026997991       0.396921985314429     
   11.2656024000000       0.945483683509061       0.638374561780443     
   11.2792082000000       0.789597542931672       0.396927023787906     
   11.2928140000000       0.913682738118129       0.286957097272501     
   11.3064198000000        1.00522434785320       0.332145489603291     
   11.3200256000000       0.945918549799797       0.296761366424715     
   11.3336314000000        1.04639868000287       0.197231548662800     
   11.3472372000000        1.19336550954759       0.184680479864774     
   11.3608430000000        1.35107976502812       0.249186899747651     
   11.3744488000000        1.42716322681327       0.406504534416616     
   11.3880546000000        1.50989382256930       0.447195691633551     
   11.4016604000000        1.75958908343971       0.728868962500332     
   11.4152662000000        1.54375573376793        1.60756725072634     
   11.4288720000000       0.295450187135783        1.29338852860218     
   11.4424778000000       0.370166058480166       0.549355546271684     
   11.4560836000000       0.626821190652833       0.300683372812992     
   11.4696894000000       0.837594266094755       0.224263320755674     
   11.4832952000000        1.01927176740575       0.239102918005507     
   11.4969010000000        1.13429655654009       0.382193007807897     
   11.5105068000000        1.02863295407540       0.464399457514704     
   11.5241126000000       0.961571365645308       0.454693286378264     
   11.5377184000000       0.921471874847543       0.287851705160970     
   11.5513242000000        1.05301053804341       0.182880515952262     
   11.5649300000000        1.19771387530540       0.164615626719958     
   11.5785358000000        1.34875458149487       0.200312877288180     
   11.5921416000000        1.49648458408707       0.333899130149597     
   11.6057474000000        1.48663228146339       0.526184786445839     
   11.6193532000000        1.40271482672514       0.623264003614524     
   11.6329590000000        1.46320753447703       0.616765250100109     
   11.6465648000000        1.45804694882939        1.00528682178214     
   11.6601706000000       0.948323290488931       0.876722839905000     
   11.6737764000000        1.11685843420365       0.707718496759303     
   11.6873822000000       0.916725039755273       0.983371631478638     
   11.7009880000000       0.632031789582483       0.554474343242619     
   11.7145938000000       0.829975569711709       0.299705040944710     
   11.7281996000000        1.01606603008203       0.252402448533877     
   11.7418054000000        1.10846381537729       0.250888129573798     
   11.7554112000000        1.22924718501157       0.210308729266836     
   11.7690170000000        1.40472028257382       0.223330700439659     
   11.7826228000000        1.61746707018501       0.321060514714194     
   11.7962286000000        1.84183803549368       0.606769511276001     
   11.8098344000000        1.85851978203370        1.15946668984549     
   11.8234402000000       0.946753205661519        1.76695136697969     
   11.8370460000000       0.371455727069088       0.858728554809350     
   11.8506518000000       0.644159785620696       0.415653088769710     
   11.8642576000000       0.895280754812256       0.296527159759585     
   11.8778634000000        1.05710592251409       0.286023395189183     
   11.8914692000000        1.18292276286088       0.281319189467942     
   11.9050750000000        1.32649610128382       0.299559757322666     
   11.9186808000000        1.46621658368032       0.369084799993901     
   11.9322866000000        1.57208914371848       0.429251766405479     
   11.9458924000000        1.85868836817317       0.537814731003725     
   11.9594982000000        2.25048092796912        1.06448487212415     
   11.9731040000000        1.78720844808366        2.47100313672715     
   11.9867098000000      -2.157981258208341E-002   1.89429490761123     
   12.0003156000000       4.820668705203957E-002  0.893070104821346     
   12.0139214000000       0.327377263086374       0.530927746427320     
   12.0275272000000       0.613977142248086       0.403909605706096     
   12.0411330000000       0.792834471915741       0.495314806329118     
   12.0547388000000       0.642878375766000       0.591123543985443     
   12.0683446000000       0.627742566057700       0.323823293453170     
   12.0819504000000       0.800239417701950       0.211938232788583     
   12.0955562000000       0.964632984793869       0.203867197993222     
   12.1091620000000        1.08283683764237       0.289829530125485     
   12.1227678000000        1.06790187364397       0.314914303093495     
   12.1363736000000        1.16931891145044       0.316422901945504     
   12.1499794000000        1.23174013229154       0.330274145104097     
   12.1635852000000        1.43843528007366       0.396654581649642     
   12.1771910000000        1.64286831974944       0.803230754428168     
   12.1907968000000       0.980635870919766        1.39607517061379     
   12.2044026000000       0.518195264984555       0.746987666570070     
   12.2180084000000       0.722339859510161       0.458242455538076     
   12.2316142000000       0.829652263458193       0.425937111791961     
   12.2452200000000       0.887089106719061       0.342512085220092     
   12.2588258000000        1.06904893367299       0.315473017700836     
   12.2724316000000        1.22818410262662       0.523647533079485     
   12.2860374000000       0.909042721646904       0.745253417194241     
   12.2996432000000       0.792120641752530       0.456672039156702     
   12.3132490000000       0.931315358297130       0.308815877559776     
   12.3268548000000        1.12018523280243       0.316581745359990     
   12.3404606000000        1.27318090637431       0.543120136583021     
   12.3540664000000       0.976377151151978       0.826869040518833     
   12.3676722000000       0.747502542434402       0.543282342532253     
   12.3812780000000       0.850300350873432       0.458661542513578     
   12.3948838000000       0.775796089876992       0.447901644178969     
   12.4084896000000       0.801928571081959       0.315752268242142     
   12.4220954000000       0.824061088966268       0.243017406941090     
   12.4357012000000       0.901334774811028       0.177767967134136     
   12.4493070000000       0.962577348256942       0.131588085419550     
   12.4629128000000        1.05007377173459       0.100155852499138     
   12.4765186000000        1.13794533333608       9.334783375016104E-002
   12.4901244000000        1.22699962453089       0.101211225954522     
   12.5037302000000        1.32451524856486       0.125268829256364     
   12.5173360000000        1.43814484499624       0.190920173686118     
   12.5309418000000        1.48428578451254       0.344711154895852     
   12.5445476000000        1.44759678155806       0.331187503120688     
   12.5581534000000        1.64145042167054       0.351018463250031     
   12.5717592000000        1.91752385186156       0.629197629772698     
   12.5853650000000        1.86095751987947        1.46926253795024     
   12.5989708000000       0.664068176396199        1.53486888023396     
   12.6125766000000       0.519747470031326       0.877408592248331     
   12.6261824000000       0.618714123273776       0.729465697257738     
   12.6397882000000       0.480604303658875       0.503113721795476     
   12.6533940000000       0.631444175009025       0.264920312849785     
   12.6669998000000       0.790632853059687       0.189650915514901     
   12.6806056000000       0.917728628766248       0.188685770132942     
   12.6942114000000       0.974616178641106       0.234391999076634     
   12.7078172000000       0.970902600321480       0.205901420161528     
   12.7214230000000        1.06886754402505       0.174851458066406     
   12.7350288000000        1.16351013899592       0.254092497129586     
   12.7486346000000        1.08207113688189       0.379273764078733     
   12.7622404000000        1.00209227957812       0.296301922206892     
   12.7758462000000        1.01799575417799       0.196020676301044     
   12.7894520000000        1.10599859570210       0.140866158557682     
   12.8030578000000        1.21188315808264       0.146926977705409     
   12.8166636000000        1.29167849772880       0.237628904381211     
   12.8302694000000        1.21491025038482       0.282327855238776     
   12.8438752000000        1.28751242769764       0.215544682158310     
   12.8574810000000        1.43061233388367       0.299230932458723     
   12.8710868000000        1.39918688404148       0.558813740148117     
   12.8846926000000        1.22888249116276       0.552667386112074     
   12.8982984000000        1.11983577888785       0.650288433489404     
   12.9119042000000       0.957796845201379       0.463605550663835     
   12.9255100000000       0.980809752406908       0.398590012046705     
   12.9391158000000       0.932428728888816       0.320686967798639     
   12.9527216000000       0.983507827394843       0.181236077904639     
   12.9663274000000        1.07492735421092       0.130504805546433     
   12.9799332000000        1.15996931039495       0.106991473521472     
   12.9935390000000        1.24796275272971       0.117951005363159     
   13.0071448000000        1.30725371835313       0.178043823486001     
   13.0207506000000        1.29130667118933       0.192007528080065     
   13.0343564000000        1.36414434514529       0.181487769345531     
   13.0479622000000        1.43448388550811       0.234316306878718     
   13.0615680000000        1.48668087324014       0.382465597536441     
   13.0751738000000        1.34359622572622       0.458117668335430     
   13.0887796000000        1.29919667878397       0.449980465601401     
   13.1023854000000        1.20131082569132       0.490892818729161     
   13.1159912000000        1.09274319563137       0.308844649352414     
   13.1295970000000        1.19573111587071       0.189701094215746     
   13.1432028000000        1.30967798038346       0.163454223091834     
   13.1568086000000        1.38821510430643       0.190450380148291     
   13.1704144000000        1.48306293682657       0.199356390364245     
   13.1840202000000        1.61004320614445       0.313080609622613     
   13.1976260000000        1.60984026603077       0.495023151575071     
   13.2112318000000        1.56309542397780       0.732765849019447     
   13.2248376000000        1.14957243282401       0.740460230418343     
   13.2384434000000        1.11351904406793       0.601390437651896     
   13.2520492000000       0.962280888883612       0.416968024884247     
   13.2656550000000        1.08152272958709       0.219088213616896     
   13.2792608000000        1.22710478932500       0.164439646869148     
   13.2928666000000        1.36215282510488       0.176533606479769     
   13.3064724000000        1.49563374898306       0.281874533364386     
   13.3200782000000        1.42086351965464       0.546177600656735     
   13.3336840000000        1.16557638703052       0.404822491715378     
   13.3472898000000        1.25516511306443       0.257157782571575     
   13.3608956000000        1.31183501321769       0.252703027006841     
   13.3745014000000        1.38793862801112       0.206328242974089     
   13.3881072000000        1.48156414467918       0.265096254653149     
   13.4017130000000        1.47970751815880       0.275055342324541     
   13.4153188000000        1.61344643576668       0.297873095972567     
   13.4289246000000        1.69884071111836       0.504505073270364     
   13.4425304000000        1.51468173096005       0.710386443624981     
   13.4561362000000        1.30473423323560       0.691919206351219     
   13.4697420000000        1.27024504806981       0.518346228830492     
   13.4833478000000        1.23644009648717       0.551282784597182     
   13.4969536000000        1.19903449787491       0.427022343948644     
   13.5105594000000        1.24540879646534       0.327578755726442     
   13.5241652000000        1.33842624136462       0.288806626238391     
   13.5377710000000        1.42269114443425       0.343390056573992     
   13.5513768000000        1.40745895736443       0.347299255537735     
   13.5649826000000        1.52025672572658       0.329660158142145     
   13.5785884000000        1.61142689470868       0.507234445654028     
   13.5921942000000        1.47126744205363       0.674971714695208     
   13.6058000000000        1.26644651988562       0.604866096674394     
