 #Independent Particle T
 #Numkpts,nspin=         216           1
 #spin=           1
 #Number of BSE conduction states=           3
 #Number of BSE valence          states=           8
 #Total number of val/cond states=           8           6
 #Gaussian broadening= F
 #If not Gaussian broadening then Lorentzian
 #Broadenings=  1.000000000000000E-003  1.000000000000000E-003
 #LDA energies used as N.L. potential correction in BSE program and NOT lmf F
 #direction of q-vector=
 #  0.000000000000000E+000  0.000000000000000E+000   1.00000000000000     
 #Energy(eV),Real(eps),Imag(eps)
  0.000000000000000E+000   3.20277214084961       4.252835126708926E-003
  1.360580000000000E-002   3.20278154044740       4.252903282386038E-003
  2.721160000000000E-002   3.20280973994211       4.253107758870027E-003
  4.081740000000000E-002   3.20285674143794       4.253448584522515E-003
  5.442320000000000E-002   3.20292254844239       4.253925806623248E-003
  6.802900000000001E-002   3.20300716586708       4.254539491386441E-003
  8.163480000000001E-002   3.20311060002881       4.255289723982718E-003
  9.524060000000001E-002   3.20323285865112       4.256176608568259E-003
  0.108846400000000        3.20337395086586       4.257200268319712E-003
  0.122452200000000        3.20353388721540       4.258360845476102E-003
  0.136058000000000        3.20371267965492       4.259658501386622E-003
  0.149663800000000        3.20391034155521       4.261093416565535E-003
  0.163269600000000        3.20412688770558       4.262665790753308E-003
  0.176875400000000        3.20436233431739       4.264375842984205E-003
  0.190481200000000        3.20461669902754       4.266223811660868E-003
  0.204087000000000        3.20489000090265       4.268209954635211E-003
  0.217692800000000        3.20518226044324       4.270334549296356E-003
  0.231298600000000        3.20549349958856       4.272597892665115E-003
  0.244904400000000        3.20582374172150       4.275000301495271E-003
  0.258510200000000        3.20617301167396       4.277542112382139E-003
  0.272116000000000        3.20654133573250       4.280223681877725E-003
  0.285721800000000        3.20692874164440       4.283045386612962E-003
  0.299327600000000        3.20733525862408       4.286007623427303E-003
  0.312933400000000        3.20776091735968       4.289110809505468E-003
  0.326539200000000        3.20820575002024       4.292355382521248E-003
  0.340145000000000        3.20866979026308       4.295741800789132E-003
  0.353750800000000        3.20915307324156       4.299270543422848E-003
  0.367356600000000        3.20965563561329       4.302942110502238E-003
  0.380962400000000        3.21017751554857       4.306757023247124E-003
  0.394568200000000        3.21071875273927       4.310715824199463E-003
  0.408174000000000        3.21127938840814       4.314819077413467E-003
  0.421779800000000        3.21185946531837       4.319067368653328E-003
  0.435385600000000        3.21245902778368       4.323461305599640E-003
  0.448991400000000        3.21307812167864       4.328001518064107E-003
  0.462597200000000        3.21371679444953       4.332688658212354E-003
  0.476203000000000        3.21437509512553       4.337523400795741E-003
  0.489808800000000        3.21505307433021       4.342506443392038E-003
  0.503414600000000        3.21575078429378       4.347638506654646E-003
  0.517020400000000        3.21646827886527       4.352920334571389E-003
  0.530626200000000        3.21720561352557       4.358352694732156E-003
  0.544232000000000        3.21796284540055       4.363936378606667E-003
  0.557837800000000        3.21874003327490       4.369672201831203E-003
  0.571443600000000        3.21953723760628       4.375561004505764E-003
  0.585049400000000        3.22035452053982       4.381603651501075E-003
  0.598655200000000        3.22119194592339       4.387801032775825E-003
  0.612261000000000        3.22204957932295       4.394154063704941E-003
  0.625866800000000        3.22292748803861       4.400663685417685E-003
  0.639472600000000        3.22382574112125       4.407330865147666E-003
  0.653078400000000        3.22474440938929       4.414156596593589E-003
  0.666684200000000        3.22568356544639       4.421141900292195E-003
  0.680290000000000        3.22664328369934       4.428287824001493E-003
  0.693895800000000        3.22762364037655       4.435595443097727E-003
  0.707501600000000        3.22862471354713       4.443065860984270E-003
  0.721107400000000        3.22964658314056       4.450700209512145E-003
  0.734713200000000        3.23068933096667       4.458499649414614E-003
  0.748319000000000        3.23175304073646       4.466465370755097E-003
  0.761924800000000        3.23283779808332       4.474598593387879E-003
  0.775530600000000        3.23394369058492       4.482900567433635E-003
  0.789136400000000        3.23507080778562       4.491372573768579E-003
  0.802742200000000        3.23621924121956       4.500015924528974E-003
  0.816348000000000        3.23738908443435       4.508831963630324E-003
  0.829953800000000        3.23858043301540       4.517822067302352E-003
  0.843559600000000        3.23979338461087       4.526987644639797E-003
  0.857165400000000        3.24102803895725       4.536330138169161E-003
  0.870771200000000        3.24228449790587       4.545851024432999E-003
  0.884377000000000        3.24356286544968       4.555551814591004E-003
  0.897982800000000        3.24486324775111       4.565434055039060E-003
  0.911588600000000        3.24618575317044       4.575499328046321E-003
  0.925194400000000        3.24753049229513       4.585749252410980E-003
  0.938800200000000        3.24889757796958       4.596185484136137E-003
  0.952406000000000        3.25028712532598       4.606809717124495E-003
  0.966011800000000        3.25169925181581       4.617623683894102E-003
  0.979617600000000        3.25313407724222       4.628629156314853E-003
  0.993223400000000        3.25459172379312       4.639827946367200E-003
   1.00682920000000        3.25607231607534       4.651221906922365E-003
   1.02043500000000        3.25757598114947       4.662812932546127E-003
   1.03404080000000        3.25910284856569       4.674602960326219E-003
   1.04764660000000        3.26065305040049       4.686593970724010E-003
   1.06125240000000        3.26222672129445       4.698787988451031E-003
   1.07485820000000        3.26382399849081       4.711187083372338E-003
   1.08846400000000        3.26544502187513       4.723793371435570E-003
   1.10206980000000        3.26708993401600       4.736609015627946E-003
   1.11567560000000        3.26875888020675       4.749636226962549E-003
   1.12928140000000        3.27045200850827       4.762877265492100E-003
   1.14288720000000        3.27216946979290       4.776334441355148E-003
   1.15649300000000        3.27391141778942       4.790010115851667E-003
   1.17009880000000        3.27567800912936       4.803906702552178E-003
   1.18370460000000        3.27746940339432       4.818026668439683E-003
   1.19731040000000        3.27928576316462       4.832372535085909E-003
   1.21091620000000        3.28112725406921       4.846946879863325E-003
   1.22452200000000        3.28299404483685       4.861752337193864E-003
   1.23812780000000        3.28488630734860       4.876791599835428E-003
   1.25173360000000        3.28680421669183       4.892067420207914E-003
   1.26533940000000        3.28874795121537       4.907582611759488E-003
   1.27894520000000        3.29071769258638       4.923340050374785E-003
   1.29255100000000        3.29271362584858       4.939342675826804E-003
   1.30615680000000        3.29473593948208       4.955593493273603E-003
   1.31976260000000        3.29678482546462       4.972095574800860E-003
   1.33336840000000        3.29886047933463       4.988852061013278E-003
   1.34697420000000        3.30096310025601       5.005866162675243E-003
   1.36058000000000        3.30309289108436       5.023141162402957E-003
   1.37418580000000        3.30525005843527       5.040680416410024E-003
   1.38779160000000        3.30743481275421       5.058487356308044E-003
   1.40139740000000        3.30964736838849       5.076565490964961E-003
   1.41500320000000        3.31188794366109       5.094918408421605E-003
   1.42860900000000        3.31415676094645       5.113549777871048E-003
   1.44221480000000        3.31645404674834       5.132463351700007E-003
   1.45582060000000        3.31878003177999       5.151662967597815E-003
   1.46942640000000        3.32113495104613       5.171152550732864E-003
   1.48303220000000        3.32351904392767       5.190936116000279E-003
   1.49663800000000        3.32593255426824       5.211017770343033E-003
   1.51024380000000        3.32837573046365       5.231401715150358E-003
   1.52384960000000        3.33084882555348       5.252092248734047E-003
   1.53745540000000        3.33335209731531       5.273093768888668E-003
   1.55106120000000        3.33588580836175       5.294410775535805E-003
   1.56466700000000        3.33845022623999       5.316047873458531E-003
   1.57827280000000        3.34104562353430       5.338009775126802E-003
   1.59187860000000        3.34367227797141       5.360301303619719E-003
   1.60548440000000        3.34633047252896       5.382927395647043E-003
   1.61909020000000        3.34902049554691       5.405893104674082E-003
   1.63269600000000        3.35174264084244       5.429203604154807E-003
   1.64630180000000        3.35449720782795       5.452864190876204E-003
   1.65990760000000        3.35728450163253       5.476880288420275E-003
   1.67351340000000        3.36010483322705       5.501257450745718E-003
   1.68711920000000        3.36295851955304       5.526001365897616E-003
   1.70072500000000        3.36584588365503       5.551117859846803E-003
   1.71433080000000        3.36876725481735       5.576612900467257E-003
   1.72793660000000        3.37172296870453       5.602492601655468E-003
   1.74154240000000        3.37471336750624       5.628763227597731E-003
   1.75514820000000        3.37773880008642       5.655431197193746E-003
   1.76875400000000        3.38079962213710       5.682503088639268E-003
   1.78235980000000        3.38389619633688       5.709985644178701E-003
   1.79596560000000        3.38702889251427       5.737885775032364E-003
   1.80957140000000        3.39019808781584       5.766210566506021E-003
   1.82317720000000        3.39340416688024       5.794967283292756E-003
   1.83678300000000        3.39664752201690       5.824163374972473E-003
   1.85038880000000        3.39992855339098       5.853806481720442E-003
   1.86399460000000        3.40324766921356       5.883904440232900E-003
   1.87760040000000        3.40660528593877       5.914465289879101E-003
   1.89120620000000        3.41000182846613       5.945497279090896E-003
   1.90481200000000        3.41343773035033       5.977008872000199E-003
   1.91841780000000        3.41691343401747       6.009008755335220E-003
   1.93202360000000        3.42042939098820       6.041505845588134E-003
   1.94562940000000        3.42398606210837       6.074509296466247E-003
   1.95923520000000        3.42758391778757       6.108028506639551E-003
   1.97284100000000        3.43122343824486       6.142073127799182E-003
   1.98644680000000        3.43490511376359       6.176653073041450E-003
   2.00005260000000        3.43862944495416       6.211778525592164E-003
   2.01365840000000        3.44239694302614       6.247459947887942E-003
   2.02726420000000        3.44620813006935       6.283708091032469E-003
   2.04087000000000        3.45006353934483       6.320534004644760E-003
   2.05447580000000        3.45396371558582       6.357949047118775E-003
   2.06808160000000        3.45790921530914       6.395964896315213E-003
   2.08168740000000        3.46190060713774       6.434593560707384E-003
   2.09529320000000        3.46593847213439       6.473847391001740E-003
   2.10889900000000        3.47002340414736       6.513739092259202E-003
   2.12250480000000        3.47415601016864       6.554281736542097E-003
   2.13611060000000        3.47833691070482       6.595488776112768E-003
   2.14971640000000        3.48256674016167       6.637374057213434E-003
   2.16332220000000        3.48684614724291       6.679951834456479E-003
   2.17692800000000        3.49117579536333       6.723236785858176E-003
   2.19053380000000        3.49555636307759       6.767244028548620E-003
   2.20413960000000        3.49998854452533       6.811989135195120E-003
   2.21774540000000        3.50447304989216       6.857488151176221E-003
   2.23135120000000        3.50901060588957       6.903757612547877E-003
   2.24495700000000        3.51360195625192       6.950814564843462E-003
   2.25856280000000        3.51824786225368       6.998676582755771E-003
   2.27216860000000        3.52294910324619       7.047361790747535E-003
   2.28577440000000        3.52770647721575       7.096888884643849E-003
   2.29938020000000        3.53252080136386       7.147277154261266E-003
   2.31298600000000        3.53739291271055       7.198546507132303E-003
   2.32659180000000        3.54232366872213       7.250717493389235E-003
   2.34019760000000        3.54731394796419       7.303811331872216E-003
   2.35380340000000        3.55236465078143       7.357849937535483E-003
   2.36740920000000        3.55747670000604       7.412855950226504E-003
   2.38101500000000        3.56265104169466       7.468852764919614E-003
   2.39462080000000        3.56788864589720       7.525864563492440E-003
   2.40822660000000        3.57319050745763       7.583916348137814E-003
   2.42183240000000        3.57855764684944       7.643033976509290E-003
   2.43543820000000        3.58399111104686       7.703244198711220E-003
   2.44904400000000        3.58949197443414       7.764574696243569E-003
   2.46264980000000        3.59506133975482       7.827054123026988E-003
   2.47625560000000        3.60070033910302       7.890712148639047E-003
   2.48986140000000        3.60641013495897       7.955579503903586E-003
   2.50346720000000        3.61219192127172       8.021688028984595E-003
   2.51707300000000        3.61804692459081       8.089070724149191E-003
   2.53067880000000        3.62397640525040       8.157761803374115E-003
   2.54428460000000        3.62998165860810       8.227796750987337E-003
   2.55789040000000        3.63606401634228       8.299212381546531E-003
   2.57149620000000        3.64222484781098       8.372046903176809E-003
   2.58510200000000        3.64846556147553       8.446339984603687E-003
   2.59870780000000        3.65478760639337       8.522132826138396E-003
   2.61231360000000        3.66119247378402       8.599468234894303E-003
   2.62591940000000        3.66768169867194       8.678390704531911E-003
   2.63952520000000        3.67425686161175       8.758946499859713E-003
   2.65313100000000        3.68091959050070       8.841183746642096E-003
   2.66673680000000        3.68767156248318       8.925152526996803E-003
   2.68034260000000        3.69451450595364       9.010904980795244E-003
   2.69394840000000        3.70145020266405       9.098495413518778E-003
   2.70755420000000        3.70848048994250       9.187980411057846E-003
   2.72116000000000        3.71560726302968       9.279418961990950E-003
   2.73476580000000        3.72283247754228       9.372872587922241E-003
   2.74837160000000        3.73015815206991       9.468405482513589E-003
   2.76197740000000        3.73758637091615       9.566084659903294E-003
   2.77558320000000        3.74511928699231       9.665980113268371E-003
   2.78918900000000        3.75275912487506       9.768164984360535E-003
   2.80279480000000        3.76050818403937       9.872715744922265E-003
   2.81640060000000        3.76836884227856       9.979712390979310E-003
   2.83000640000000        3.77634355932507       1.008923865110449E-002
   2.84361220000000        3.78443488068724       1.020138220985258E-002
   2.85721800000000        3.79264544171635       1.031623494769357E-002
   2.87082380000000        3.80097797192260       1.043389319889959E-002
   2.88442960000000        3.80943529955760       1.055445802899948E-002
   2.89803540000000        3.81802035648462       1.067803553357700E-002
   2.91164120000000        3.82673618335816       1.080473716038438E-002
   2.92524700000000        3.83558593513755       1.093468005695517E-002
   2.93885280000000        3.84457288696115       1.106798744613534E-002
   2.95245860000000        3.85370044040984       1.120478903222763E-002
   2.96606440000000        3.86297213019286       1.134522144074799E-002
   2.97967020000000        3.87239163128977       1.148942869513389E-002
   2.99327600000000        3.88196276658774       1.163756273414009E-002
   3.00688180000000        3.89168951505786       1.178978397409711E-002
   3.02048760000000        3.90157602051523       1.194626192071381E-002
   3.03409340000000        3.91162660101639       1.210717583567834E-002
   3.04769920000000        3.92184575895151       1.227271546396917E-002
   3.06130500000000        3.93223819189391       1.244308182853607E-002
   3.07491080000000        3.94280880427901       1.261848809987287E-002
   3.08851660000000        3.95356271999032       1.279916054899376E-002
   3.10212240000000        3.96450529594109       1.298533959345899E-002
   3.11572820000000        3.97564213674859       1.317728094741810E-002
   3.12933400000000        3.98697911061189       1.337525688815575E-002
   3.14293980000000        3.99852236651424       1.357955765339608E-002
   3.15654560000000        4.01027835289021       1.379049298567668E-002
   3.17015140000000        4.02225383791048       1.400839384250378E-002
   3.18375720000000        4.03445593156186       1.423361429380965E-002
   3.19736300000000        4.04689210971912       1.446653363153116E-002
   3.21096880000000        4.05957024043413       1.470755872000947E-002
   3.22457460000000        4.07249861269758       1.495712662049790E-002
   3.23818040000000        4.08568596796401       1.521570752849910E-002
   3.25178620000000        4.09914153477306       1.548380806911690E-002
   3.26539200000000        4.11287506684750       1.576197500332325E-002
   3.27899780000000        4.12689688510585       1.605079940727671E-002
   3.29260360000000        4.14121792409460       1.635092139794864E-002
   3.30620940000000        4.15584978342312       1.666303549172660E-002
   3.31981520000000        4.17080478487796       1.698789669893729E-002
   3.33342100000000        4.18609603600540       1.732632747705051E-002
   3.34702680000000        4.20173750108312       1.767922568956549E-002
   3.36063260000000        4.21774408056025       1.804757374739787E-002
   3.37423840000000        4.23413170023976       1.843244914641011E-002
   3.38784420000000        4.25091741170614       1.883503666048776E-002
   3.40145000000000        4.26811950578648       1.925664250669985E-002
   3.41505580000000        4.28575764117709       1.969871087088730E-002
   3.42866160000000        4.30385299079328       2.016284327276093E-002
   3.44226740000000        4.32242840892449       2.065082136504317E-002
   3.45587320000000        4.34150862293016       2.116463390907129E-002
   3.46947900000000        4.36112045402858       2.170650886002616E-002
   3.48308480000000        4.38129307276097       2.227895174295671E-002
   3.49669060000000        4.40205829601892       2.288479182569961E-002
   3.51029640000000        4.42345093419313       2.352723802428283E-002
   3.52390220000000        4.44550919915373       2.420994704918445E-002
   3.53750800000000        4.46827518656704       2.493710707220860E-002
   3.55111380000000        4.49179544972309       2.571354124339331E-002
   3.56471960000000        4.51612168689923       2.654483683161510E-002
   3.57832540000000        4.54131157078201       2.743750777360541E-002
   3.59193120000000        4.56742975725360       2.839920125259444E-002
   3.60553700000000        4.59454912287542       2.943896298457780E-002
   3.61914280000000        4.62275229708125       3.056758178027967E-002
   3.63274860000000        4.65213357854777       3.179804264423370E-002
   3.64635440000000        4.68280135870901       3.314613073514790E-002
   3.65996020000000        4.71488122401523       3.463124852997879E-002
   3.67356600000000        4.74851998045418       3.627753988399212E-002
   3.68717180000000        4.78389095234226       3.811546496937365E-002
   3.70077760000000        4.82120107473218       4.018405293866595E-002
   3.71438340000000        4.86070056329300       4.253419985771178E-002
   3.72798920000000        4.90269637523964       4.523362658974266E-002
   3.74159500000000        4.94757139466910       4.837456247417202E-002
   3.75520080000000        4.99581252332986       5.208608149578943E-002
   3.76880660000000        5.04805310521888       5.655474643730948E-002
   3.78241240000000        5.10513933853846       6.206090231589835E-002
   3.79601820000000        5.16823865306493       6.904639427935784E-002
   3.80962400000000        5.23902525003909       7.825048794302313E-002
   3.82322980000000        5.32001514501292       9.100872765268309E-002
   3.83683560000000        5.41520335496991       0.109990879526493     
   3.85044140000000        5.53129412739492       0.141317066968526     
   3.86404720000000        5.67949921200467       0.201890957422148     
   3.87765300000000        5.86744065506632       0.349789935264526     
   3.89125880000000        5.92038958964769       0.730974773896735     
   3.90486460000000        5.58523131464291       0.717408298976910     
   3.91847040000000        5.82379130796660       0.574579107181823     
   3.93207620000000        6.17524376612900       0.892883783839484     
   3.94568200000000        5.98589410489860        1.63398896037834     
   3.95928780000000        5.07414007933138        1.56386445530919     
   3.97289360000000        5.14559283455235        1.09385386765839     
   3.98649940000000        5.18459087651025        1.02366508331110     
   4.00010520000000        5.34522101897662        1.01571316667728     
   4.01371100000000        5.01059197482569        1.11196722548792     
   4.02731680000000        5.07837743374899       0.615513469892415     
   4.04092260000000        5.45476620290210       0.460794854031273     
   4.05452840000000        5.85539356668129       0.510360444751240     
   4.06813420000000        6.31562339850212       0.804385600642028     
   4.08174000000000        6.58572912852305        1.75228417393524     
   4.09534580000000        5.27749938281430        2.51283357237609     
   4.10895160000000        4.44936684481705        1.44671636098111     
   4.12255740000000        4.85337288606837       0.726775650659222     
   4.13616320000000        5.32181861518075       0.539074044298553     
   4.14976900000000        5.70957569738265       0.619745667440907     
   4.16337480000000        5.78275969509547       0.809190974746063     
   4.17698060000000        5.83433207655903       0.756122805267742     
   4.19058640000000        6.05497793066017       0.582813150221848     
   4.20419220000000        6.49637306655554       0.598963174152751     
   4.21779800000000        6.96946031478355       0.925727127984180     
   4.23140380000000        6.85422657128838        1.60131628293445     
   4.24500960000000        6.63882148139649        1.23822180402230     
   4.25861540000000        7.17859760354863        1.09176659488113     
   4.27222120000000        7.99501960953670        1.38465546161411     
   4.28582700000000        8.61085370809899        2.54635553186437     
   4.29943280000000        8.08471443038752        3.57581759067969     
   4.31303860000000        7.55628989948684        3.71400905751274     
   4.32664440000000        8.54521122602005        4.31652096146357     
   4.34025020000000        7.43708757128836        7.36737871370511     
   4.35385600000000        3.92043208893830        6.63240436781664     
   4.36746180000000        3.12599850212932        5.05257384299598     
   4.38106760000000        2.79314610777974        3.31697793351977     
   4.39467340000000        4.03162777269485        2.32367390045206     
   4.40827920000000        4.93292139895977        2.73804778481617     
   4.42188500000000        4.39798227779253        2.94014798321017     
   4.43549080000000        4.95172173845772        2.24631486174019     
   4.44909660000000        5.68436649956797        2.32544624178535     
   4.46270240000000        6.66661396954423        3.02818264951645     
   4.47630820000000        6.43147418920521        4.30872054361625     
   4.48991400000000        6.21006647186304        4.76521077078141     
   4.50351980000000        5.67259629999428        5.90076877305245     
   4.51712560000000        4.57146740995232        6.72779244987509     
   4.53073140000000        2.27359420933867        6.41019922572876     
   4.54433720000000        1.67810774778793        4.44966730784696     
   4.55794300000000        2.79360170275909        3.64969929753507     
   4.57154880000000        2.93457335697930        4.44331645990196     
   4.58515460000000        1.66776764765543        4.60899373443452     
   4.59876040000000        1.20962440805511        3.23549324443180     
   4.61236620000000        1.89545115434260        2.35704528208912     
   4.62597200000000        2.33790997757720        2.76896286428065     
   4.63957780000000        1.76166050513463        2.35768188455073     
   4.65318360000000        1.84320027408306        1.76414083388414     
   4.66678940000000        2.36473559379931        1.17371463777673     
   4.68039520000000        2.92625839508836        1.15051227531016     
   4.69400100000000        3.16071661174393        1.31822481832036     
   4.70760680000000        3.21696363931470        1.14141694680135     
   4.72121260000000        3.53747364670539       0.977604865772418     
   4.73481840000000        3.88450338389284       0.944725507941124     
   4.74842420000000        4.40770627664811        1.04825490699290     
   4.76203000000000        4.64186657313816        1.62299022130827     
   4.77563580000000        4.19363341398143        1.91514008012002     
   4.78924160000000        4.13708618600289        1.39126469844159     
   4.80284740000000        4.70527889610302        1.30479692754530     
   4.81645320000000        5.06125826998978        1.70181879123518     
   4.83005900000000        4.73805383864132        1.87577788098048     
   4.84366480000000        5.17274219489619        1.53765339939379     
   4.85727060000000        5.92731528901738        1.87275057336645     
   4.87087640000000        6.19342259556493        3.05322938570326     
   4.88448220000000        5.33016828020514        3.75407970623802     
   4.89808800000000        4.53760688596553        3.28797946980174     
   4.91169380000000        4.97582622300587        2.51181623024871     
   4.92529960000000        6.27047167638945        3.08035437372265     
   4.93890540000000        5.66004806632711        4.93680517359855     
   4.95251120000000        4.88550225359325        4.65120152659693     
   4.96611700000000        4.72354328493615        5.31313799489753     
   4.97972280000000        2.91703959862766        5.30435426077220     
   4.99332860000000        2.76194726259979        3.63004262590723     
   5.00693440000000        4.25014260116672        3.13675697610680     
   5.02054020000000        5.15939711993332        4.75958416147342     
   5.03414600000000        3.91509389120863        6.07938742878002     
   5.04775180000000        2.29538131172410        5.82441222868571     
   5.06135760000000        2.33506929989124        4.97155586318209     
   5.07496340000000        2.16087309299660        5.63761506235967     
   5.08856920000000       0.857402207722050        6.71627726342013     
   5.10217500000000       -1.77338789235627        4.47070965896298     
   5.11578080000000       -1.00953804951858        2.35261567622340     
   5.12938660000000      -0.255340210847021        1.48155554920670     
   5.14299240000000       0.544690331825945       0.929669193993968     
   5.15659820000000        1.25570299582871       0.714859791610968     
   5.17020400000000        1.87206724114497       0.675216676101148     
   5.18380980000000        2.44108331134074       0.796523243396576     
   5.19741560000000        2.94735065421839        1.27340095220467     
   5.21102140000000        2.56376821153660        1.82747246853955     
   5.22462720000000        2.66885372124972        1.66570665266776     
   5.23823300000000        2.20035733808299        2.29926800209611     
   5.25183880000000        1.62807826863239        1.34788749843948     
   5.26544460000000        2.15437207502326       0.844105672987782     
   5.27905040000000        2.61190161511838       0.824418950598883     
   5.29265620000000        3.00409076040923        1.15330724298776     
   5.30626200000000        2.39010238286977        1.65866854707748     
   5.31986780000000        2.10678638412848       0.850286089492786     
   5.33347360000000        2.47623298637223       0.463551347787705     
   5.34707940000000        2.80796348285136       0.328145032867597     
   5.36068520000000        3.08467467383897       0.272638326659787     
   5.37429100000000        3.32601624459371       0.251345445507278     
   5.38789680000000        3.55026720917630       0.238301043938695     
   5.40150260000000        3.77669639705273       0.239650744795073     
   5.41510840000000        4.00124753387134       0.252943761383480     
   5.42871420000000        4.24225337440628       0.271653782253400     
   5.44232000000000        4.51157495569611       0.306445563912264     
   5.45592580000000        4.82311804650916       0.376367403048288     
   5.46953160000000        5.16403716417843       0.495938172607728     
   5.48313740000000        5.61400747599457       0.642358455007525     
   5.49674320000000        6.27219152493224       0.998531528005662     
   5.51034900000000        7.16216287646678        1.96959483123946     
   5.52395480000000        7.13021918862981        4.72358641014867     
   5.53756060000000        3.29382123555443        4.87119646889770     
   5.55116640000000        3.59341382682715        2.75420503642139     
   5.56477220000000        4.90539949449227        3.28338369519757     
   5.57837800000000        3.30128336677092        5.85254310717626     
   5.59198380000000       0.459480355300749        3.34962622789806     
   5.60558960000000        1.21657350788609        1.45769590841310     
   5.61919540000000        2.02481856333972       0.819294467502501     
   5.63280120000000        2.60058456743113       0.551633017572385     
   5.64640700000000        3.03945569828318       0.414525318657807     
   5.66001280000000        3.39643254088751       0.339288197261964     
   5.67361860000000        3.70274617951713       0.295714916418237     
   5.68722440000000        3.97846947233881       0.270512479054198     
   5.70083020000000        4.23686964463038       0.257499797696928     
   5.71443600000000        4.48767355550346       0.253825638700383     
   5.72804180000000        4.73906298549091       0.258601752974262     
   5.74164760000000        4.99912781626806       0.272572390268880     
   5.75525340000000        5.27734298853675       0.298555685340869     
   5.76885920000000        5.58668043975138       0.343097352842789     
   5.78246500000000        5.94737518054845       0.421183606279424     
   5.79607080000000        6.39407044095555       0.570836538234770     
   5.80967660000000        6.98409966687840       0.906787966503346     
   5.82328240000000        7.70708058964129        1.84892650041428     
   5.83688820000000        6.98214200453896        4.20001985867951     
   5.85049400000000        4.12868021825875        3.07358051354023     
   5.86409980000000        4.58945937696686        1.38313554671770     
   5.87770560000000        5.38529480681600       0.859774865643151     
   5.89131140000000        6.07029832177006       0.700298201210967     
   5.90491720000000        6.71532599640813       0.683282078266792     
   5.91852300000000        7.39459112032108       0.761570432330505     
   5.93212880000000        8.18278130828263       0.961040407620572     
   5.94573460000000        9.16953336873249        1.41927848303409     
   5.95934040000000        10.2658550011400        2.61755433933893     
   5.97294620000000        10.1774482921888        4.38136356342945     
   5.98655200000000        9.82342713703068        5.59731841381446     
   6.00015780000000        8.71891526225332        7.45405058702484     
   6.01376360000000        6.63859417153489        6.01500752561753     
   6.02736940000000        8.16975234654929        5.55882671576749     
   6.04097520000000        8.75594046088744        6.98906325106862     
   6.05458100000000        8.08076794003862        9.37443698736085     
   6.06818680000000        5.46281202615998        11.8240656090653     
   6.08179260000000       0.568652402194238        8.96562604731448     
   6.09539840000000        1.16882772372604        5.53127857951534     
   6.10900420000000        2.53286995403249        3.89841583606060     
   6.12261000000000        4.42513748413207        3.38474847302473     
   6.13621580000000        6.31272853738427        4.88646377242767     
   6.14982160000000        4.06960916464972        7.49025712069249     
   6.16342740000000        2.24070427866152        4.49141245506620     
   6.17703320000000        4.02425302427387        2.68425971666495     
   6.19063900000000        6.08395963665841        2.42123786239386     
   6.20424480000000        8.29620165483234        3.11900427971046     
   6.21785060000000        10.4701738155506        5.68812809193026     
   6.23145640000000        8.55520465960808        9.29416812258289     
   6.24506220000000        8.63299469007670        8.69454553129782     
   6.25866800000000        8.86484101342159        12.6233802139402     
   6.27227380000000        3.69372246610650        14.9386733567297     
   6.28587960000000        1.04246408198586        11.5038326796094     
   6.29948540000000        3.18493594708011        12.0828713265799     
   6.31309120000000       -1.18498848969364        15.1849158407896     
   6.32669700000000       -6.46729020289873        10.0627715710107     
   6.34030280000000       -4.32574225266441        5.05465101529739     
   6.35390860000000       -1.20432822293183        3.71290036337889     
   6.36751440000000        1.67878901242260        4.44632931670576     
   6.38112020000000        3.02634302448451        8.14413350988051     
   6.39472600000000       -1.13490563672509        11.4576570027649     
   6.40833180000000       -5.60906493618096        7.31255589347578     
   6.42193760000000       -3.90628832610910        4.22973571920731     
   6.43554340000000       -2.89341264413346        3.70165242259029     
   6.44914920000000       -2.29261525670100        3.20006657236807     
   6.46275500000000       -1.67143880990048        3.22072352513483     
   6.47636080000000       -2.17349655508232        2.64006742512950     
   6.48996660000000       -1.28156869739720        1.83816048613825     
   6.50357240000000      -0.757303596497402        2.17283506349517     
   6.51717820000000       -1.04906790791059        1.87728388040591     
   6.53078400000000      -0.761084891819197        1.10941966039054     
   6.54438980000000      -0.106203553246234       0.719651239486661     
   6.55799560000000       0.473412200539836       0.564968274733800     
   6.57160140000000       0.978136610439183       0.492838486994221     
   6.58520720000000        1.44051332764885       0.459347933605112     
   6.59881300000000        1.88468309380364       0.451509522770557     
   6.61241880000000        2.33110365548976       0.469343654396246     
   6.62602460000000        2.80170085063728       0.528183083395123     
   6.63963040000000        3.31285267205762       0.689649478057468     
   6.65323620000000        3.68238688997059        1.11045366568912     
   6.66684200000000        3.64895757412297        1.10818453539934     
   6.68044780000000        4.26044961289882       0.966052078548052     
   6.69405360000000        5.07320719236147        1.27592352836166     
   6.70765940000000        5.58408354122395        2.07496987730189     
   6.72126520000000        5.88800039024100        2.68125898671120     
   6.73487100000000        6.30988114464612        3.89080849514084     
   6.74847680000000        5.09622969114701        5.15662570946639     
   6.76208260000000        3.50145189970869        4.93451383365940     
   6.77568840000000        3.30285930992474        2.96061746308105     
   6.78929420000000        4.90764647151025        2.17350531457356     
   6.80290000000000        6.75279405960125        2.51621514831360     
   6.81650580000000        8.69368673603610        4.28565649260632     
   6.83011160000000        8.50314667653512        7.54911099692598     
   6.84371740000000        7.37907693196365        10.2272674248370     
   6.85732320000000        2.91996866180722        10.4749924479473     
   6.87092900000000        1.78533202101014        8.71451694955895     
   6.88453480000000        2.95605248039119        7.17242498414023     
   6.89814060000000        3.60145093523874        9.36364514133120     
   6.91174640000000        2.03939414092681        10.3501136176536     
   6.92535220000000       -1.85961747167494        12.1387179171705     
   6.93895800000000       -4.54831367034676        6.56818415077037     
   6.95256380000000       -1.99572690565986        3.90992339678018     
   6.96616960000000       0.135194648677023        4.13862715902168     
   6.97977540000000       0.121108030845957        4.83802556483781     
   6.99338120000000        1.04978391235717        4.13235667604418     
   7.00698700000000        2.30466216800409        5.78535255801675     
   7.02059280000000        1.69710665853355        7.76740079560657     
   7.03419860000000       -2.08365211889494        9.48196399632640     
   7.04780440000000       -4.63534386749734        5.28001084465262     
   7.06141020000000       -2.99966630404054        2.66123994379548     
   7.07501600000000       -1.25884377402659        1.88098166407650     
   7.08862180000000       0.290407596484440        1.89013381511564     
   7.10222760000000        1.67939957479007        2.86724463608511     
   7.11583340000000       0.945021927922066        4.68635718375152     
   7.12943920000000       0.511342145607276        3.51611382573213     
   7.14304500000000        1.90708973997929        4.25325135646276     
   7.15665080000000       0.941986401542877        6.93867358272359     
   7.17025660000000       -2.90008467625049        5.69727827431333     
   7.18386240000000       -2.50948817062383        2.71047707917335     
   7.19746820000000       -1.06381425343922        1.72366172267438     
   7.21107400000000       0.147364494834132        1.69254632326254     
   7.22467980000000       0.747101180992741        2.14037539688773     
   7.23828560000000        1.21653713019882        2.45165803096050     
   7.25189140000000        1.00467331479344        2.97762995347343     
   7.26549720000000        1.13426620785442        2.48247342507384     
   7.27910300000000        1.74656362620066        3.05397980418848     
   7.29270880000000        1.49801462704875        3.10155975209181     
   7.30631460000000        2.40105594267540        3.38876870980940     
   7.31992040000000        1.60640151411475        5.75425266596240     
   7.33352620000000      -0.994549433938685        3.90776927745520     
   7.34713200000000       0.112311643325628        2.19461994680595     
   7.36073780000000        1.36800303279890        2.08522365809319     
   7.37434360000000        2.28397611281935        2.28063141488197     
   7.38794940000000        3.36801930831072        3.39319803405106     
   7.40155520000000        3.24092779338491        5.05159359170622     
   7.41516100000000        1.11831347169891        6.86149851840826     
   7.42876680000000      -0.799585040318485        4.38415952565397     
   7.44237260000000       0.197998738448539        3.30871914916095     
   7.45597840000000       0.924515339255427        2.57781536761118     
   7.46958420000000        2.59274890368373        2.67729551290039     
   7.48319000000000        3.95765150828508        4.71496701727909     
   7.49679580000000        1.90636555152052        7.00118742536825     
   7.51040160000000      -0.112941930607675        6.34329482746806     
   7.52400740000000      -0.192748018614023        4.46047276879393     
   7.53761320000000       0.628595212826138        4.47661729298731     
   7.55121900000000        1.14510157595651        4.62457458216970     
   7.56482480000000        1.38701570054796        5.45555891210469     
   7.57843060000000       0.946622071672781        6.87875451648679     
   7.59203640000000       -1.02967766943851        6.52947669832275     
   7.60564220000000      -0.996022059171536        6.78852965232146     
   7.61924800000000       -3.40242765969537        6.30270437945588     
   7.63285380000000       -3.82782538986209        4.00710296805925     
   7.64645960000000       -3.18007905145543        2.79250704481348     
   7.66006540000000       -2.43351934197728        1.72249604551681     
   7.67367120000000       -1.31677476773565        1.24706353464809     
   7.68727700000000      -0.270967286219433        1.21590973785672     
   7.70088280000000       0.643232207234410        1.56613191494816     
   7.71448860000000        1.47206273210297        2.06676120508497     
   7.72809440000000        2.28394097502911        3.38165203717123     
   7.74170020000000        1.12069195047267        5.80875243436850     
   7.75530600000000       -1.24347625891424        4.24881832631546     
   7.76891180000000      -7.145143021973577E-002   3.23817486519054     
   7.78251760000000       0.745924913812455        4.15125921101017     
   7.79612340000000       -1.00795834011131        5.79214249076469     
   7.80972920000000       -2.16771107992282        3.61179886367257     
   7.82333500000000       -1.06622655317108        2.73541217346320     
   7.83694080000000      -0.412171442903013        3.57256126374150     
   7.85054660000000       -1.29121534712715        3.43521522197182     
   7.86415240000000       -1.02121471606576        3.41179878287832     
   7.87775820000000       -1.59968376230537        2.98623478357112     
   7.89136400000000       -1.26150721163087        2.32681701824124     
   7.90496980000000      -0.772818922053807        2.45468922691464     
   7.91857560000000      -0.655277589569785        2.19729115235056     
   7.93218140000000       5.859454368610240E-003   2.46777179346954     
   7.94578720000000       0.476246460260929        3.35004216758014     
   7.95939300000000       -1.44439047394505        4.93253022610868     
   7.97299880000000       -2.67734227136651        2.68826450545924     
   7.98660460000000       -1.87420826427276        1.82420296974066     
   8.00021040000000       -1.62323381217950        1.43444715876642     
   8.01381620000000      -0.994359434650865        1.05379566835910     
   8.02742200000000      -0.416532091019473        1.04523080033979     
   8.04102780000000       5.870174570099507E-002   1.37383283702164     
   8.05463360000000       5.647302356979533E-002   1.44540287610200     
   8.06823940000000       0.654441162306574        1.69363718910690     
   8.08184520000000       0.280824156303252        2.76493391052853     
   8.09545100000000      -0.726384994419844        1.95125808092110     
   8.10905680000000      -6.604898784739732E-002   1.28409967278797     
   8.12266260000000       0.549040866820412        1.58942816388130     
   8.13626840000000       0.291524812930603        1.72340527309242     
   8.14987420000000       0.662837695425233        1.36670033157131     
   8.16348000000000        1.40185800850355        1.54426735007478     
   8.17708580000000        1.76202282642986        2.31791869407256     
   8.19069160000000        2.00087740378892        3.11786454145561     
   8.20429740000000       0.535203876141299        4.23017595464854     
   8.21790320000000       3.939210535140991E-002   3.08984146049256     
   8.23150900000000       0.361037401913114        3.09988477169535     
   8.24511480000000       3.793512063735904E-002   3.24821346877449     
   8.25872060000000      -4.525654012006286E-002   2.59789853463923     
   8.27232640000000       0.647139275873118        2.81518583164796     
   8.28593220000000      -5.324040930423424E-002   3.16788247666102     
   8.29953800000000       0.345388030563268        2.40408224478623     
   8.31314380000000        1.32563086326328        2.89708405898542     
   8.32674960000000        1.26093149356018        4.54181336993985     
   8.34035540000000      -0.359523055360080        4.55721728162333     
   8.35396120000000      -0.559470620555811        4.37661083487545     
   8.36756700000000       -1.19253108277910        3.99374792815278     
   8.38117280000000      -0.842357750269868        4.11793337771237     
   8.39477860000000       -2.17231073120998        4.50276749755127     
   8.40838440000000       -2.64624384755720        3.02896813230625     
   8.42199020000000       -2.65770540668425        2.59330016038929     
   8.43559600000000       -2.37830520079906        1.51502310281767     
   8.44920180000000       -1.51335124124718        1.17392035707308     
   8.46280760000000      -0.879485198673752        1.52995464340093     
   8.47641340000000       -1.29419903365574        1.85826235712383     
   8.49001920000000       -1.21969470639535        1.21003666756883     
   8.50362500000000      -0.604061552008130       0.982878067854499     
   8.51723080000000       0.139420064410181        1.23929781643321     
   8.53083660000000       0.614003247470865        2.40081020377564     
   8.54444240000000       -1.06896602014299        3.22144205640167     
   8.55804820000000       -1.63124962821214        1.91532363189927     
   8.57165400000000      -0.982737653922769        1.31503340080550     
   8.58525980000000      -0.478131024577465        1.55243945979114     
   8.59886560000000      -0.357993988700552        2.03567239286128     
   8.61247140000000       -1.26061406587902        2.27500226219014     
   8.62607720000000       -1.54221556447426        1.39515259371370     
   8.63968300000000       -1.08399702766219       0.833775731507917     
   8.65328880000000      -0.572906766772503       0.744787916450914     
   8.66689460000000      -0.231256647830222       0.774622220999213     
   8.68050040000000       0.201574739448016       0.877281382931005     
   8.69410620000000       0.730357116139627        1.39782348134133     
   8.70771200000000       0.231959388732473        2.58036660978748     
   8.72131780000000      -0.847408662562749        1.85394483327553     
   8.73492360000000      -0.318670154949921        1.34699189074312     
   8.74852940000000      -0.185640285222017        1.80572253516211     
   8.76213520000000      -0.553316832788699        1.44912408376981     
   8.77574100000000      -5.989974279838983E-002   1.21837314108612     
   8.78934680000000       0.292588924870867        1.76276015778777     
   8.80295260000000      -0.539075389146668        2.18797298440971     
   8.81655840000000      -0.592061324461233        1.30640095351164     
   8.83016420000000       0.109677828797417        1.27733526475975     
   8.84377000000000       0.253094797865525        2.23934893862784     
   8.85737580000000       -1.03240533312754        2.09156286907669     
   8.87098160000000      -0.840666385289848        1.16533608848230     
   8.88458740000000      -0.224273778058811       0.917407076654125     
   8.89819320000000       0.419412600852026        1.25252965359055     
   8.91179900000000       0.247710658920430        2.27274307996960     
   8.92540480000000      -0.571110900933388        1.88811497542307     
   8.93901060000000      -0.215512067275521        1.75628115226872     
   8.95261640000000      -0.414094293375456        1.95006893630458     
   8.96622220000000      -0.587733620889872        2.37567246409012     
   8.97982800000000       -1.57668789152126        1.73227876787986     
   8.99343380000000       -1.15530151840457        1.00792377696581     
   9.00703960000000      -0.817679839405835        1.04767223168694     
   9.02064540000000      -0.794405990971304       0.995278939274114     
   9.03425120000000      -0.838782812812763       0.854133368480181     
   9.04785700000000      -0.688359119403653       0.665288618374556     
   9.06146280000000      -0.478768691237385       0.470572518247140     
   9.07506860000000      -0.137616554004635       0.428094166433479     
   9.08867440000000       0.218452490842515       0.583284437593097     
   9.10228020000000       0.326812113797353        1.03478861132385     
   9.11588600000000       0.205241780921861        1.07032392807596     
   9.12949180000000       0.382790932068786        1.52344635458155     
   9.14309760000000      -0.573457519635760        1.99054454234524     
   9.15670340000000      -0.938462870776297        1.03653755651169     
   9.17030920000000      -0.519400470787686       0.719098147222030     
   9.18391500000000      -0.396882742316053       0.939162864836307     
   9.19752080000000      -0.683921606726918       0.668838995814061     
   9.21112660000000      -0.468993137122762       0.353674610906835     
   9.22473240000000      -0.227816171258023       0.245743348941609     
   9.23833820000000      -2.096208094901941E-002  0.206455692864859     
   9.25194400000000       0.169999703553264       0.196993544863510     
   9.26554980000000       0.362680538891250       0.209266536701853     
   9.27915560000000       0.575320700127169       0.249356432594091     
   9.29276140000000       0.832764954194412       0.345004718639583     
   9.30636720000000        1.16142795176140       0.595163995444063     
   9.31997300000000        1.35253444827809        1.32305415244232     
   9.33357880000000       0.430340032352648        1.71151013047934     
   9.34718460000000       0.410764277469762        1.30414835452252     
   9.36079040000000       0.397916303270839        1.58404783143847     
   9.37439620000000      -0.230746520684344        1.76887251424948     
   9.38800200000000      -0.672724121733832        1.07645545941802     
   9.40160780000000      -0.450000619461550       0.582378722488031     
   9.41521360000000      -0.193271438907164       0.365195408185527     
   9.42881940000000       4.558711106023006E-002  0.257483014219285     
   9.44242520000000       0.257059122738839       0.223310822972013     
   9.45603100000000       0.434236844750714       0.246611424425448     
   9.46963680000000       0.528696603510543       0.257991317246798     
   9.48324260000000       0.688888056661388       0.222439070455353     
   9.49684840000000       0.891487237048645       0.246081391651143     
   9.51045420000000        1.11808829887846       0.346386239541819     
   9.52406000000000        1.29309711418502       0.564622933571646     
   9.53766580000000        1.45931707512399       0.894498659215251     
   9.55127160000000        1.01203644863814        1.46586713737864     
   9.56487740000000       0.547391711537113       0.926154378482546     
   9.57848320000000       0.828579204354295       0.637981828925995     
   9.59208900000000        1.04261606475927       0.605092758340794     
   9.60569480000000        1.36087492264888       0.603854877898248     
   9.61930060000000        1.66658415393938       0.877434940122790     
   9.63290640000000        1.86158886591575        1.22634249633134     
   9.64651220000000        1.91850662956860        1.96403191399224     
   9.66011800000000        1.21467718001318        2.47599723283666     
   9.67372380000000       0.305345368473251        2.19758066122128     
   9.68732960000000       0.105918257692087        1.84850304824274     
   9.70093540000000      -3.913126055758021E-002   1.11554687797324     
   9.71454120000000       0.451825359821278       0.694397104898796     
   9.72814700000000       0.984553677474495       0.652955029399368     
   9.74175280000000        1.52232280326574       0.938775026402454     
   9.75535860000000        1.62388220926023        1.78741735473578     
   9.76896440000000        1.00509610873249        1.97258594810163     
   9.78257020000000       0.763989268653503        1.80941613446941     
   9.79617600000000       0.718377315570633        1.78436296748966     
   9.80978180000000       0.454297453389083        1.65946747504033     
   9.82338760000000       0.451526686120725        1.39183565330421     
   9.83699340000000       0.782280346934721       0.970990367497943     
   9.85059920000000        1.47784641819447        1.02251060167704     
   9.86420500000000        2.15897628013180        1.73903886989914     
   9.87781080000000        2.06318529074528        3.01931991713135     
   9.89141660000000       0.273660942359880        4.35684221896233     
   9.90502240000000       -1.08913743116194        2.43729341586811     
   9.91862820000000      -0.423769877140502        1.56226504350742     
   9.93223400000000       0.122696928684678        1.48928435446283     
   9.94583980000000       0.439792158584556        1.45799351327052     
   9.95944560000000        1.00952348548176        1.95007709699071     
   9.97305140000000       0.961026218588405        2.89385349460719     
   9.98665720000000      -0.498984603493454        4.27111311661456     
   10.0002630000000       -2.34634084427071        2.46072187618469     
   10.0138688000000       -1.79341396991394        1.14001382951716     
   10.0274746000000       -1.18763470095260       0.712428339440702     
   10.0410804000000      -0.751367194514241       0.604634319735000     
   10.0546862000000      -0.537538662319925       0.666167060589497     
   10.0682920000000      -0.429228185059634       0.498603919514048     
   10.0818978000000      -0.138956424514597       0.412942012788615     
   10.0955036000000       0.175114266771341       0.480524770810857     
   10.1091094000000       0.308042979497279       0.792150660989163     
   10.1227152000000       0.152476287534683       0.725551801277719     
   10.1363210000000       0.415442391211873       0.673477132676938     
   10.1499268000000       0.725390915362405       0.940544907557372     
   10.1635326000000       0.378210497261545        1.50504222914948     
   10.1771384000000       0.167129919434799        1.08227705333539     
   10.1907442000000       0.527134495383787        1.25446302896268     
   10.2043500000000       5.894177689000579E-002   1.94342267927500     
   10.2179558000000      -0.733817088770819        1.28300593395850     
   10.2315616000000      -0.453399818135680       0.640235500154843     
   10.2451674000000      -4.919648956294531E-002  0.455183738604717     
   10.2587732000000       0.335615983049015       0.467372851209099     
   10.2723790000000       0.758735406094944       0.687884386197735     
   10.2859848000000        1.12244083927812        1.46868983146348     
   10.2995906000000      -0.150440640695511        2.62607873641128     
   10.3131964000000       -1.16987270321734        1.30968431166768     
   10.3268022000000      -0.812232660117194       0.591997269604849     
   10.3404080000000      -0.467328676360782       0.348590205896078     
   10.3540138000000      -0.205715727133411       0.253387336663675     
   10.3676196000000       1.051029096966305E-002  0.217216578859241     
   10.3812254000000       0.211474699943789       0.218134249605722     
   10.3948312000000       0.422394728664275       0.265801655732430     
   10.4084370000000       0.655651220466315       0.427947073888924     
   10.4220428000000       0.682661660118789       0.848770047366516     
   10.4356486000000       0.382320304533108       0.861469201980305     
   10.4492544000000       0.420476142363258       0.873623628282579     
   10.4628602000000       0.179229473301001        1.19467508961208     
   10.4764660000000      -0.263915485979220       0.758923692376484     
   10.4900718000000      -7.430870015410007E-002  0.381295924964797     
   10.5036776000000       0.167353878970565       0.270065647198836     
   10.5172834000000       0.382613631068739       0.283321046365515     
   10.5308892000000       0.519024248892987       0.459493451626197     
   10.5444950000000       0.306865148254714       0.508804610207110     
   10.5581008000000       0.382739290759354       0.289433417519805     
   10.5717066000000       0.578582662206394       0.234511384593738     
   10.5853124000000       0.789395284743311       0.272538589237450     
   10.5989182000000        1.02834381940264       0.444174686603857     
   10.6125240000000        1.09151693963684       0.947673565765235     
   10.6261298000000       0.399407031395020        1.08542394331353     
   10.6397356000000       0.382922499031485       0.574670975131798     
   10.6533414000000       0.660614029380685       0.504756167768236     
   10.6669472000000       0.693095971407685       0.644895290284075     
   10.6805530000000       0.730406871954463       0.560537692559617     
   10.6941588000000       0.856701644276869       0.511198498147415     
   10.7077646000000        1.14464065794648       0.554292203080062     
   10.7213704000000        1.53327599708991       0.810756406120733     
   10.7349762000000        1.92597937290866        1.75939349089082     
   10.7485820000000       0.370249835330430        3.18491765354397     
   10.7621878000000      -0.936163735556562        1.79426166588735     
   10.7757936000000      -0.798753368311865       0.895796880453981     
   10.7893994000000      -0.442974299156198       0.465502405991343     
   10.8030052000000      -0.140083993770268       0.303309236752230     
   10.8166110000000       9.774738546248662E-002  0.251476951570268     
   10.8302168000000       0.283102233185782       0.281827455814599     
   10.8438226000000       0.376632060730415       0.315367508732038     
   10.8574284000000       0.535948859193683       0.378245919295501     
   10.8710342000000       0.505995009009594       0.610654353624104     
   10.8846400000000       0.357917418658109       0.576832452350836     
   10.8982458000000       0.274051091700356       0.503268692027807     
   10.9118516000000       0.336524903033827       0.327864122664373     
   10.9254574000000       0.478114058866271       0.357513923851519     
   10.9390632000000       0.405590293629010       0.410423965860932     
   10.9526690000000       0.397670001344514       0.283131532631755     
   10.9662748000000       0.461846684631714       0.223491414747943     
   10.9798806000000       0.541848558883871       0.155265522101782     
   10.9934864000000       0.653310080715086       0.127194400125814     
   11.0070922000000       0.768244262961616       0.134391326195536     
   11.0206980000000       0.891377263998770       0.185465488477922     
   11.0343038000000       0.971175964974805       0.331081877578358     
   11.0479096000000       0.947148390220207       0.450239227242169     
   11.0615154000000       0.727425599969664       0.608029659114281     
   11.0751212000000       0.593014042117364       0.319258430889248     
   11.0887270000000       0.723731105633997       0.173648765020542     
   11.1023328000000       0.848525695526246       0.126992716844553     
   11.1159386000000       0.958807355117237       0.111805604470047     
   11.1295444000000        1.06478845474483       0.110400458621195     
   11.1431502000000        1.17472141778620       0.118290815306034     
   11.1567560000000        1.29642715874577       0.135929526603674     
   11.1703618000000        1.43973248806168       0.167884996443667     
   11.1839676000000        1.61976083857249       0.226327870364687     
   11.1975734000000        1.86192152161805       0.344678287554673     
   11.2111792000000        2.19594549773758       0.632473509334491     
   11.2247850000000        2.41941494633497        1.41635129978720     
   11.2383908000000        1.58294505130327        2.17354808972846     
   11.2519966000000        1.19138756153352        1.98932055058500     
   11.2656024000000       0.361275565750014        2.20961697995956     
   11.2792082000000      -0.210801928999451        1.47035200896457     
   11.2928140000000      -2.796652912518915E-002  0.739579199603266     
   11.3064198000000       0.334537493814020       0.542898856507558     
   11.3200256000000       0.440058517580946       0.504755246406674     
   11.3336314000000       0.618774468799358       0.369841545517089     
   11.3472372000000       0.779839910389450       0.407251711030727     
   11.3608430000000       0.841511454622075       0.356456753171857     
   11.3744488000000        1.03077133998835       0.305898622963947     
   11.3880546000000        1.27891253157624       0.378016812873431     
   11.4016604000000        1.50328190781420       0.665826465682723     
   11.4152662000000        1.22320740586250        1.15683552217691     
   11.4288720000000       0.895653204688346       0.783345541707390     
   11.4424778000000        1.15391700953052       0.689686069279981     
   11.4560836000000        1.22107645510401       0.795442167195246     
   11.4696894000000        1.27334616498654       0.787260966526546     
   11.4832952000000        1.58290124141048        1.03282565321175     
   11.4969010000000        1.08448205319551        1.64748137078146     
   11.5105068000000       0.696818054697112        1.01699918838269     
   11.5241126000000        1.07810699057901       0.774180123751837     
   11.5377184000000        1.55448351138340       0.919242081674626     
   11.5513242000000        1.84936791431745        1.82006832702173     
   11.5649300000000       0.431748188026713        2.34576083645609     
   11.5785358000000       0.304395833376132        1.37084967847779     
   11.5921416000000       0.584859021035757        1.50675030445853     
   11.6057474000000       0.217883637742358        1.30837093463673     
   11.6193532000000       0.614457277929060        1.21239014071370     
   11.6329590000000       0.283524506856268        1.92040993961159     
   11.6465648000000      -0.473127983698705        1.19874385818613     
   11.6601706000000      -0.139463915046639       0.676319259372996     
   11.6737764000000       0.210129626035582       0.699571031878602     
   11.6873822000000       5.838545692390895E-002  0.916158726718693     
   11.7009880000000      -9.702522386866996E-002  0.650640592406125     
   11.7145938000000      -5.002096934562106E-002  0.410452819768612     
   11.7281996000000       0.117204393941028       0.248084674937388     
   11.7418054000000       0.265722253110916       0.184616763098175     
   11.7554112000000       0.395639487374341       0.161061015148895     
   11.7690170000000       0.483295005386339       0.150245122066960     
   11.7826228000000       0.587684746741224       0.129153153196432     
   11.7962286000000       0.703964532347184       0.140081043200667     
   11.8098344000000       0.824896383504303       0.204854176165409     
   11.8234402000000       0.849001068208314       0.382192110481310     
   11.8370460000000       0.672620997558481       0.371742804136416     
   11.8506518000000       0.692717697829514       0.225560158510927     
   11.8642576000000       0.811254271513507       0.172978261122841     
   11.8778634000000       0.897515863057085       0.208075032480357     
   11.8914692000000       0.922743269297063       0.212067751044572     
   11.9050750000000       0.988569624099262       0.198978616255581     
   11.9186808000000        1.06933618340809       0.194178116455650     
   11.9322866000000        1.16554519250434       0.228516114895998     
   11.9458924000000        1.26626380699309       0.323465555543261     
   11.9594982000000        1.20707419553444       0.392532417018647     
   11.9731040000000        1.30833796296650       0.342656890746081     
   11.9867098000000        1.50944553446901       0.432494514340582     
   12.0003156000000        1.67690682469583       0.837610480958072     
   12.0139214000000        1.05869284913232        1.28221685339573     
   12.0275272000000       0.692361174968945       0.714679191242046     
   12.0411330000000       0.938035062622806       0.396647119003950     
   12.0547388000000        1.22567839921129       0.337423104487872     
   12.0683446000000        1.53360886690038       0.417390656692881     
   12.0819504000000        1.89818271587637       0.718886772040535     
   12.0955562000000        2.14509282104066        1.60176704912814     
   12.1091620000000       0.647870442388229        2.61235294725144     
   12.1227678000000      -0.222171575033418        1.29952286524905     
   12.1363736000000       0.104959275457581       0.677455539272873     
   12.1499794000000       0.324323063755958       0.438384405489307     
   12.1635852000000       0.572008530218391       0.292423998591901     
   12.1771910000000       0.804730476100453       0.260008107784307     
   12.1907968000000        1.01528913833441       0.322101800836627     
   12.2044026000000        1.10878140488727       0.442391213160028     
   12.2180084000000        1.28002014154531       0.520406635489725     
   12.2316142000000        1.34241384366235       0.844196362505016     
   12.2452200000000        1.31842490460681        1.08891059400692     
   12.2588258000000       0.844934870365637        1.67968736828346     
   12.2724316000000      -1.466187622966553E-002   1.09680841888864     
   12.2860374000000       0.182203654916942       0.501553779860782     
   12.2996432000000       0.450976666221675       0.349784977457267     
   12.3132490000000       0.545863253137533       0.375368953812045     
   12.3268548000000       0.568906269676999       0.245447656620323     
   12.3404606000000       0.704619521458360       0.161101476478448     
   12.3540664000000       0.834496849445019       0.136209949046186     
   12.3676722000000       0.955355469045439       0.143576174324947     
   12.3812780000000        1.06061959601447       0.179698023856389     
   12.3948838000000        1.18352721248947       0.248909075495320     
   12.4084896000000        1.21256267609313       0.487387732071700     
   12.4220954000000       0.925873457615059       0.452024857003652     
   12.4357012000000       0.989527326445906       0.264300139533067     
   12.4493070000000        1.10784204592003       0.193305334460855     
   12.4629128000000        1.25746519788833       0.178474175430521     
   12.4765186000000        1.42525161345732       0.220145068022091     
   12.4901244000000        1.61536628642263       0.342666357169038     
   12.5037302000000        1.81859409545191       0.663043884165251     
   12.5173360000000        1.47930391107805        1.20103584648807     
   12.5309418000000        1.17782502303374        1.01752738713251     
   12.5445476000000        1.05227763529681        1.12685054298754     
   12.5581534000000       0.721192987268758       0.854522537379420     
   12.5717592000000       0.923730879312204       0.728577812929818     
   12.5853650000000       0.738085271880444       0.859211244307969     
   12.5989708000000       0.634804520498665       0.604451562865080     
   12.6125766000000       0.621779758303977       0.446454260386860     
   12.6261824000000       0.725615639394860       0.247860774635539     
   12.6397882000000       0.881592790309917       0.169825793384053     
   12.6533940000000        1.01852233611053       0.156467904660365     
   12.6669998000000        1.12556537148614       0.204598517445677     
   12.6806056000000        1.12543416154051       0.237228930904611     
   12.6942114000000        1.17706611291567       0.225871195907916     
   12.7078172000000        1.18261354062929       0.192793830546514     
   12.7214230000000        1.27723454009092       0.137343534229436     
   12.7350288000000        1.39374732528049       0.131215940773766     
   12.7486346000000        1.52180447676286       0.155508238642176     
   12.7622404000000        1.67562644904795       0.228632302703833     
   12.7758462000000        1.83690960449994       0.443781297111647     
   12.7894520000000        1.64334632281467       0.818235310024998     
   12.8030578000000        1.43177439425928       0.650537100249304     
   12.8166636000000        1.37542407987720       0.692615137322843     
   12.8302694000000        1.26278765367502       0.509197923415405     
   12.8438752000000        1.40478017109683       0.316902452348415     
   12.8574810000000        1.62620917940762       0.293415840899023     
   12.8710868000000        1.82253852113130       0.384324852530847     
   12.8846926000000        2.00249488603610       0.594334960841372     
   12.8982984000000        1.88913231066388       0.906517540869072     
   12.9119042000000        1.77207352059239       0.952897724184356     
   12.9255100000000        1.66909169129820       0.852866836399751     
   12.9391158000000        1.92672053106568       0.821531681804188     
   12.9527216000000        2.29071579440476        1.31329757268207     
   12.9663274000000        1.38362377101441        2.32677655393423     
   12.9799332000000       0.489370715047459        1.24650017224421     
   12.9935390000000       0.879514899182744       0.631080852178261     
   13.0071448000000        1.30223744108830       0.480936366783238     
   13.0207506000000        1.70229012112115       0.547535285442221     
   13.0343564000000        2.03747850953189       0.829376621001411     
   13.0479622000000        2.40187976049213        1.38723959246691     
   13.0615680000000        1.82061436153043        2.62099091340657     
   13.0751738000000       0.363768420421969        2.40202509850477     
   13.0887796000000       0.137131822894027        1.24465897515583     
   13.1023854000000       0.623697240408278       0.895490648652773     
   13.1159912000000       0.965637019356553        1.01534592667015     
   13.1295970000000       0.692278898426719        1.48874287797897     
   13.1432028000000       0.201053829105191        1.09787382062799     
   13.1568086000000       0.277955132437125       0.586005575902378     
   13.1704144000000       0.535224157182636       0.408212824504870     
   13.1840202000000       0.690631813296265       0.301243780432423     
   13.1976260000000       0.891655978944006       0.234057218731512     
   13.2112318000000        1.08670921242921       0.243857482274934     
   13.2248376000000        1.25142075741652       0.318243092908454     
   13.2384434000000        1.32942822964403       0.504710979782610     
   13.2520492000000        1.20560260041828       0.451489298141384     
   13.2656550000000        1.40210255117087       0.344106777309871     
   13.2792608000000        1.67852338163808       0.430768621839413     
   13.2928666000000        1.90995894445357       0.707519836787197     
   13.3064724000000        2.16410441168196        1.24885006932651     
   13.3200782000000        1.36879920700109        2.34296549642338     
   13.3336840000000       0.119245019890215        1.68408714362477     
   13.3472898000000       0.126498346325474       0.755772133169657     
   13.3608956000000       0.462927804936717       0.392762583747928     
   13.3745014000000       0.727448496349833       0.259300509450137     
   13.3881072000000       0.935934560252364       0.206220092623776     
   13.4017130000000        1.11962655999442       0.191082469109862     
   13.4153188000000        1.30282455786943       0.207675081648385     
   13.4289246000000        1.50872700412071       0.274153315876734     
   13.4425304000000        1.74646221401306       0.471194683463213     
   13.4561362000000        1.80248470343111       0.910239113524315     
   13.4697420000000        1.51559898532960        1.39958118052370     
   13.4833478000000       0.719041261954536        1.21985208137056     
   13.4969536000000       0.682929871120952       0.683138578102906     
   13.5105594000000       0.862119370517478       0.441655890626509     
   13.5241652000000        1.03634595399583       0.354216807519943     
   13.5377710000000        1.18209059370635       0.370507496919553     
   13.5513768000000        1.26911662465985       0.379193042133664     
   13.5649826000000        1.31310472396032       0.423176818274717     
   13.5785884000000        1.40624990049171       0.470627335343765     
   13.5921942000000        1.36763051214836       0.561719165601127     
   13.6058000000000        1.25988804536395       0.527366894319047     
