 #Independent Particle T
 #Numkpts,nspin=         216           1
 #spin=           1
 #Number of BSE conduction states=           3
 #Number of BSE valence          states=           8
 #Total number of val/cond states=           8           6
 #Gaussian broadening= F
 #If not Gaussian broadening then Lorentzian
 #Broadenings=  1.000000000000000E-003  1.000000000000000E-003
 #LDA energies used as N.L. potential correction in BSE program and NOT lmf F
 #direction of q-vector=
 #  0.707106781186547       0.707106781186547       0.000000000000000E+000
 #Energy(eV),Real(eps),Imag(eps)
  0.000000000000000E+000   2.78817800644407       3.146283228599806E-003
  1.360580000000000E-002   2.78818450669802       3.146328675554811E-003
  2.721160000000000E-002   2.78820400792277       3.146465022712425E-003
  4.081740000000000E-002   2.78823651150709       3.146692288952937E-003
  5.442320000000000E-002   2.78828201976590       3.147010505750814E-003
  6.802900000000001E-002   2.78834053594091       3.147419717186014E-003
  8.163480000000001E-002   2.78841206420129       3.147919979959482E-003
  9.524060000000001E-002   2.78849660964470       3.148511363413373E-003
  0.108846400000000        2.78859417829843       3.149193949555569E-003
  0.122452200000000        2.78870477712080       3.149967833088871E-003
  0.136058000000000        2.78882841400287       3.150833121444620E-003
  0.149663800000000        2.78896509777015       3.151789934821023E-003
  0.163269600000000        2.78911483818479       3.152838406225619E-003
  0.176875400000000        2.78927764594782       3.153978681523166E-003
  0.190481200000000        2.78945353270154       3.155210919487301E-003
  0.204087000000000        2.78964251103243       3.156535291857468E-003
  0.217692800000000        2.78984459447402       3.157951983400236E-003
  0.231298600000000        2.79005979751006       3.159461191975784E-003
  0.244904400000000        2.79028813557792       3.161063128608574E-003
  0.258510200000000        2.79052962507228       3.162758017563331E-003
  0.272116000000000        2.79078428334891       3.164546096426013E-003
  0.285721800000000        2.79105212872887       3.166427616189267E-003
  0.299327600000000        2.79133318050282       3.168402841343422E-003
  0.312933400000000        2.79162745893547       3.170472049972230E-003
  0.326539200000000        2.79193498527062       3.172635533853763E-003
  0.340145000000000        2.79225578173608       3.174893598566877E-003
  0.353750800000000        2.79258987154890       3.177246563602551E-003
  0.367356600000000        2.79293727892111       3.179694762480911E-003
  0.380962400000000        2.79329802906534       3.182238542873326E-003
  0.394568200000000        2.79367214820104       3.184878266730722E-003
  0.408174000000000        2.79405966356066       3.187614310416682E-003
  0.421779800000000        2.79446060339627       3.190447064846979E-003
  0.435385600000000        2.79487499698640       3.193376935634620E-003
  0.448991400000000        2.79530287464316       3.196404343240786E-003
  0.462597200000000        2.79574426771959       3.199529723131925E-003
  0.476203000000000        2.79619920861728       3.202753525943164E-003
  0.489808800000000        2.79666773079441       3.206076217647432E-003
  0.503414600000000        2.79714986877382       3.209498279731734E-003
  0.517020400000000        2.79764565815163       3.213020209379444E-003
  0.530626200000000        2.79815513560595       3.216642519659170E-003
  0.544232000000000        2.79867833890604       3.220365739721097E-003
  0.557837800000000        2.79921530692161       3.224190414999361E-003
  0.571443600000000        2.79976607963264       3.228117107422376E-003
  0.585049400000000        2.80033069813933       3.232146395629712E-003
  0.598655200000000        2.80090920467240       3.236278875196962E-003
  0.612261000000000        2.80150164260383       3.240515158867813E-003
  0.625866800000000        2.80210805645774       3.244855876794069E-003
  0.639472600000000        2.80272849192182       3.249301676783540E-003
  0.653078400000000        2.80336299585896       3.253853224556255E-003
  0.666684200000000        2.80401161631922       3.258511204008652E-003
  0.680290000000000        2.80467440255222       3.263276317486900E-003
  0.693895800000000        2.80535140501996       3.268149286068148E-003
  0.707501600000000        2.80604267540980       3.273130849851799E-003
  0.721107400000000        2.80674826664802       3.278221768259094E-003
  0.734713200000000        2.80746823291365       3.283422820342629E-003
  0.748319000000000        2.80820262965281       3.288734805105370E-003
  0.761924800000000        2.80895151359329       3.294158541830099E-003
  0.775530600000000        2.80971494275968       3.299694870418208E-003
  0.789136400000000        2.81049297648880       3.305344651739975E-003
  0.802742200000000        2.81128567544577       3.311108767994911E-003
  0.816348000000000        2.81209310164023       3.316988123083690E-003
  0.829953800000000        2.81291531844327       3.322983642991348E-003
  0.843559600000000        2.81375239060463       3.329096276181954E-003
  0.857165400000000        2.81460438427053       3.335326994005802E-003
  0.870771200000000        2.81547136700180       3.341676791118777E-003
  0.884377000000000        2.81635340779271       3.348146685914552E-003
  0.897982800000000        2.81725057709013       3.354737720969948E-003
  0.911588600000000        2.81816294681336       3.361450963503831E-003
  0.925194400000000        2.81909059037423       3.368287505850030E-003
  0.938800200000000        2.82003358269818       3.375248465944542E-003
  0.952406000000000        2.82099200024540       3.382334987827721E-003
  0.966011800000000        2.82196592103297       3.389548242161513E-003
  0.979617600000000        2.82295542465721       3.396889426762687E-003
  0.993223400000000        2.82396059231697       3.404359767151980E-003
   1.00682920000000        2.82498150683731       3.411960517120392E-003
   1.02043500000000        2.82601825269388       3.419692959312347E-003
   1.03404080000000        2.82707091603798       3.427558405826960E-003
   1.04764660000000        2.82813958472215       3.435558198837684E-003
   1.06125240000000        2.82922434832675       3.443693711230658E-003
   1.07485820000000        2.83032529818685       3.451966347262918E-003
   1.08846400000000        2.83144252742016       3.460377543241000E-003
   1.10206980000000        2.83257613095547       3.468928768219942E-003
   1.11567560000000        2.83372620556197       3.477621524724344E-003
   1.12928140000000        2.83489284987946       3.486457349491704E-003
   1.14288720000000        2.83607616444907       3.495437814238524E-003
   1.15649300000000        2.83727625174509       3.504564526450580E-003
   1.17009880000000        2.83849321620741       3.513839130197877E-003
   1.18370460000000        2.83972716427514       3.523263306974771E-003
   1.19731040000000        2.84097820442078       3.532838776566905E-003
   1.21091620000000        2.84224644718563       3.542567297945143E-003
   1.22452200000000        2.84353200521584       3.552450670188124E-003
   1.23812780000000        2.84483499329978       3.562490733433473E-003
   1.25173360000000        2.84615552840612       3.572689369859953E-003
   1.26533940000000        2.84749372972314       3.583048504700748E-003
   1.27894520000000        2.84884971869903       3.593570107288970E-003
   1.29255100000000        2.85022361908335       3.604256192137262E-003
   1.30615680000000        2.85161555696953       3.615108820052046E-003
   1.31976260000000        2.85302566083864       3.626130099283986E-003
   1.33336840000000        2.85445406160429       3.637322186715794E-003
   1.34697420000000        2.85590089265893       3.648687289089278E-003
   1.36058000000000        2.85736628992115       3.660227664272287E-003
   1.37418580000000        2.85885039188465       3.671945622567783E-003
   1.38779160000000        2.86035333966823       3.683843528066025E-003
   1.40139740000000        2.86187527706753       3.695923800042140E-003
   1.41500320000000        2.86341635060798       3.708188914400047E-003
   1.42860900000000        2.86497670959929       3.720641405165279E-003
   1.44221480000000        2.86655650619163       3.733283866028158E-003
   1.45582060000000        2.86815589543323       3.746118951938987E-003
   1.46942640000000        2.86977503532989       3.759149380758013E-003
   1.48303220000000        2.87141408690578       3.772377934961932E-003
   1.49663800000000        2.87307321426648       3.785807463409104E-003
   1.51024380000000        2.87475258466352       3.799440883165659E-003
   1.52384960000000        2.87645236856098       3.813281181395400E-003
   1.53745540000000        2.87817273970400       3.827331417316037E-003
   1.55106120000000        2.87991387518912       3.841594724223598E-003
   1.56466700000000        2.88167595553714       3.856074311589046E-003
   1.57827280000000        2.88345916476775       3.870773467228973E-003
   1.59187860000000        2.88526369047650       3.885695559554223E-003
   1.60548440000000        2.88708972391424       3.900844039899049E-003
   1.61909020000000        2.88893746006869       3.916222444934670E-003
   1.63269600000000        2.89080709774879       3.931834399170632E-003
   1.64630180000000        2.89269883967142       3.947683617547165E-003
   1.65990760000000        2.89461289255082       3.963773908123382E-003
   1.67351340000000        2.89654946719083       3.980109174864538E-003
   1.68711920000000        2.89850877857999       3.996693420533313E-003
   1.70072500000000        2.90049104598942       4.013530749688811E-003
   1.71433080000000        2.90249649307427       4.030625371799079E-003
   1.72793660000000        2.90452534797769       4.047981604470811E-003
   1.74154240000000        2.90657784343863       4.065603876802943E-003
   1.75514820000000        2.90865421690295       4.083496732867951E-003
   1.76875400000000        2.91075471063797       4.101664835328367E-003
   1.78235980000000        2.91287957185082       4.120112969192801E-003
   1.79596560000000        2.91502905281077       4.138846045719447E-003
   1.80957140000000        2.91720341097528       4.157869106472733E-003
   1.82317720000000        2.91940290912041       4.177187327540506E-003
   1.83678300000000        2.92162781547557       4.196806023919285E-003
   1.85038880000000        2.92387840386257       4.216730654075289E-003
   1.86399460000000        2.92615495383966       4.236966824689457E-003
   1.87760040000000        2.92845775084997       4.257520295595446E-003
   1.89120620000000        2.93078708637547       4.278396984919390E-003
   1.90481200000000        2.93314325809601       4.299602974431422E-003
   1.91841780000000        2.93552657005365       4.321144515118722E-003
   1.93202360000000        2.93793733282299       4.343028032992058E-003
   1.94562940000000        2.94037586368740       4.365260135135217E-003
   1.95923520000000        2.94284248682120       4.387847616011458E-003
   1.97284100000000        2.94533753347855       4.410797464038259E-003
   1.98644680000000        2.94786134218901       4.434116868444645E-003
   2.00005260000000        2.95041425895999       4.457813226424808E-003
   2.01365840000000        2.95299663748675       4.481894150602999E-003
   2.02726420000000        2.95560883936985       4.506367476826953E-003
   2.04087000000000        2.95825123434063       4.531241272304036E-003
   2.05447580000000        2.96092420049502       4.556523844101303E-003
   2.06808160000000        2.96362812453612       4.582223748025607E-003
   2.08168740000000        2.96636340202578       4.608349797905630E-003
   2.09529320000000        2.96913043764570       4.634911075296318E-003
   2.10889900000000        2.97192964546848       4.661916939628187E-003
   2.12250480000000        2.97476144923905       4.689377038826905E-003
   2.13611060000000        2.97762628266707       4.717301320426488E-003
   2.14971640000000        2.98052458973043       4.745700043205468E-003
   2.16332220000000        2.98345682499108       4.774583789372865E-003
   2.17692800000000        2.98642345392295       4.803963477336399E-003
   2.19053380000000        2.98942495325321       4.833850375084040E-003
   2.20413960000000        2.99246181131705       4.864256114215282E-003
   2.21774540000000        2.99553452842707       4.895192704657238E-003
   2.23135120000000        2.99864361725738       4.926672550106793E-003
   2.24495700000000        3.00178960324402       4.958708464240032E-003
   2.25856280000000        3.00497302500144       4.991313687733600E-003
   2.27216860000000        3.00819443475692       5.024501906147337E-003
   2.28577440000000        3.01145439880301       5.058287268716754E-003
   2.29938020000000        3.01475349796930       5.092684408113267E-003
   2.31298600000000        3.01809232811451       5.127708461228570E-003
   2.32659180000000        3.02147150063997       5.163375091045834E-003
   2.34019760000000        3.02489164302519       5.199700509665887E-003
   2.35380340000000        3.02835339938754       5.236701502559508E-003
   2.36740920000000        3.03185743106647       5.274395454122460E-003
   2.38101500000000        3.03540441723395       5.312800374616295E-003
   2.39462080000000        3.03899505553287       5.351934928583237E-003
   2.40822660000000        3.04263006274423       5.391818464830524E-003
   2.42183240000000        3.04631017548539       5.432471048086078E-003
   2.43543820000000        3.05003615094068       5.473913492435605E-003
   2.44904400000000        3.05380876762650       5.516167396658807E-003
   2.46264980000000        3.05762882619255       5.559255181592791E-003
   2.47625560000000        3.06149715026156       5.603200129659635E-003
   2.48986140000000        3.06541458730975       5.648026426704657E-003
   2.50346720000000        3.06938200959007       5.693759206307394E-003
   2.51707300000000        3.07340031510116       5.740424596734735E-003
   2.53067880000000        3.07747042860472       5.788049770724799E-003
   2.54428460000000        3.08159330269376       5.836662998300739E-003
   2.55789040000000        3.08576991891562       5.886293702834139E-003
   2.57149620000000        3.09000128895233       5.936972520592145E-003
   2.58510200000000        3.09428845586257       5.988731364025422E-003
   2.59870780000000        3.09863249538875       6.041603489073751E-003
   2.61231360000000        3.10303451733315       6.095623566790303E-003
   2.62591940000000        3.10749566700846       6.150827759612095E-003
   2.63952520000000        3.11201712676633       6.207253802633633E-003
   2.65313100000000        3.11660011761017       6.264941090268522E-003
   2.66673680000000        3.12124590089702       6.323930768724877E-003
   2.68034260000000        3.12595578013520       6.384265834753120E-003
   2.69394840000000        3.13073110288352       6.445991241168556E-003
   2.70755420000000        3.13557326275972       6.509154009700212E-003
   2.72116000000000        3.14048370156529       6.573803351765222E-003
   2.73476580000000        3.14546391153521       6.639990797827987E-003
   2.74837160000000        3.15051543772131       6.707770336065530E-003
   2.76197740000000        3.15563988051900       6.777198561130043E-003
   2.77558320000000        3.16083889834801       6.848334833879636E-003
   2.78918900000000        3.16611421049827       6.921241453032917E-003
   2.80279480000000        3.17146760015347       6.995983839800978E-003
   2.81640060000000        3.17690091760596       7.072630736657698E-003
   2.83000640000000        3.18241608367747       7.151254421529803E-003
   2.84361220000000        3.18801509336185       7.231930938822615E-003
   2.85721800000000        3.19370001970736       7.314740348848389E-003
   2.87082380000000        3.19947301795777       7.399766997392703E-003
   2.88442960000000        3.20533632997303       7.487099807344239E-003
   2.89803540000000        3.21129228895300       7.576832594528461E-003
   2.91164120000000        3.21734332448906       7.669064410122496E-003
   2.92524700000000        3.22349196797167       7.763899912304880E-003
   2.93885280000000        3.22974085838448       7.861449770095714E-003
   2.95245860000000        3.23609274851829       7.961831102694548E-003
   2.96606440000000        3.24255051164269       8.065167958013333E-003
   2.97967020000000        3.24911714867582       8.171591834551630E-003
   2.99327600000000        3.25579579589804       8.281242251270415E-003
   3.00688180000000        3.26258973325982       8.394267370700511E-003
   3.02048760000000        3.26950239333958       8.510824681186096E-003
   3.03409340000000        3.27653737101394       8.631081744922928E-003
   3.04769920000000        3.28369843390908       8.755217019324147E-003
   3.06130500000000        3.29098953371078       8.883420760245895E-003
   3.07491080000000        3.29841481841926       9.015896016759759E-003
   3.08851660000000        3.30597864564482       9.152859728496511E-003
   3.10212240000000        3.31368559705315       9.294543938120733E-003
   3.11572820000000        3.32154049408137       9.441197133293052E-003
   3.12933400000000        3.32954841506165       9.593085734555402E-003
   3.14293980000000        3.33771471390659       9.750495748002366E-003
   3.15654560000000        3.34604504053096       9.913734604441846E-003
   3.17015140000000        3.35454536320708       1.008313321007429E-002
   3.18375720000000        3.36322199307812       1.025904823763438E-002
   3.19736300000000        3.37208161108456       1.044186469155021E-002
   3.21096880000000        3.38113129759478       1.063199878613406E-002
   3.22457460000000        3.39037856507237       1.082990118229080E-002
   3.23818040000000        3.39983139416240       1.103606063593924E-002
   3.25178620000000        3.40949827363469       1.125100812054649E-002
   3.26539200000000        3.41938824469017       1.147532149721015E-002
   3.27899780000000        3.42951095021545       1.170963081899898E-002
   3.29260360000000        3.43987668966302       1.195462437229842E-002
   3.30620940000000        3.45049648034722       1.221105557734787E-002
   3.31981520000000        3.46138212607661       1.247975089382739E-002
   3.33342100000000        3.47254629420202       1.276161890631020E-002
   3.34702680000000        3.48400260234861       1.305766079995028E-002
   3.36063260000000        3.49576571632963       1.336898248068508E-002
   3.37423840000000        3.50785146101435       1.369680864868213E-002
   3.38784420000000        3.52027694626127       1.404249920166985E-002
   3.40145000000000        3.53306071043644       1.440756842993117E-002
   3.41505580000000        3.54622288454355       1.479370757211220E-002
   3.42866160000000        3.55978538061473       1.520281143720947E-002
   3.44226740000000        3.57377210878607       1.563700997204030E-002
   3.45587320000000        3.58820922844828       1.609870587706295E-002
   3.46947900000000        3.60312544008009       1.659061966286924E-002
   3.48308480000000        3.61855232590869       1.711584391722853E-002
   3.49669060000000        3.63452474950391       1.767790904900970E-002
   3.51029640000000        3.65108132692707       1.828086343363927E-002
   3.52390220000000        3.66826498531294       1.892937176570622E-002
   3.53750800000000        3.68612362901064       1.962883661459469E-002
   3.55111380000000        3.70471093900157       2.038554980391397E-002
   3.56471960000000        3.72408733874585       2.120688247841576E-002
   3.57832540000000        3.74432116959119       2.210152585516280E-002
   3.59193120000000        3.76549013243207       2.307979908876827E-002
   3.60553700000000        3.78768307093101       2.415404704068236E-002
   3.61914280000000        3.81100219753970       2.533916000593686E-002
   3.63274860000000        3.83556590014807       2.665326116608508E-002
   3.64635440000000        3.86151231963576       2.811862821128743E-002
   3.65996020000000        3.88900396501869       2.976294735837257E-002
   3.67356600000000        3.91823374628913       3.162104792826721E-002
   3.68717180000000        3.94943297674916       3.373734601509842E-002
   3.70077760000000        3.98288216241702       3.616935864469372E-002
   3.71438340000000        4.01892581774721       3.899287618195823E-002
   3.72798920000000        4.05799323442392       4.230977971725897E-002
   3.74159500000000        4.10062828583724       4.626022103715464E-002
   3.75520080000000        4.14753336083035       5.104228223448491E-002
   3.76880660000000        4.19963615600347       5.694505225671155E-002
   3.78241240000000        4.25819491612434       6.440709111705203E-002
   3.79601820000000        4.32497127650652       7.412610385020536E-002
   3.80962400000000        4.40252801187980       8.728024687625575E-002
   3.82322980000000        4.49476989618847       0.106017234956101     
   3.83683560000000        4.60797780084719       0.134667809850122     
   3.85044140000000        4.75281295570948       0.183239899478763     
   3.86404720000000        4.94723674749418       0.279566050548717     
   3.87765300000000        5.20292073532592       0.519746913622796     
   3.89125880000000        5.22776222896065        1.14565609091212     
   3.90486460000000        4.59814086018706        1.11163806564974     
   3.91847040000000        4.90642665067462       0.857744523984938     
   3.93207620000000        5.34256263772640        1.35920411022335     
   3.94568200000000        4.78720154446488        2.19530659128346     
   3.95928780000000        4.03697635401848        1.89835446898155     
   3.97289360000000        4.17598939375302        1.80716697365680     
   3.98649940000000        3.71225830147291        1.88720381715973     
   4.00010520000000        3.70028859484254        1.64078409816216     
   4.01371100000000        3.10732204904313        1.67160527278013     
   4.02731680000000        3.11766200331357       0.839937532461378     
   4.04092260000000        3.56544774280712       0.537005700562013     
   4.05452840000000        3.99403394564635       0.504455830432889     
   4.06813420000000        4.44455924745293       0.688680850922301     
   4.08174000000000        4.82776972910903        1.36806181714877     
   4.09534580000000        4.07211078528454        2.45014043240931     
   4.10895160000000        2.73171746825405        1.66213105889836     
   4.12255740000000        3.02180568514776       0.767959863208137     
   4.13616320000000        3.46411028052853       0.524241694233802     
   4.14976900000000        3.80246520490856       0.592994305831064     
   4.16337480000000        3.74565563250602       0.742620343232579     
   4.17698060000000        3.77374149775822       0.533538904526908     
   4.19058640000000        3.98667524313342       0.377246970360581     
   4.20419220000000        4.27839216121961       0.346924233900100     
   4.21779800000000        4.57991915091256       0.438763644212819     
   4.23140380000000        4.74501256836231       0.658910083507421     
   4.24500960000000        4.90028527723802       0.679892277006981     
   4.25861540000000        5.21751928170960       0.783683755334680     
   4.27222120000000        5.77415084396229        1.12780883882159     
   4.28582700000000        6.01543140546362        2.26236456123887     
   4.29943280000000        5.21169871645840        2.81634018998676     
   4.31303860000000        4.59016586628989        2.80322568368039     
   4.32664440000000        5.13019221103193        2.77641422373341     
   4.34025020000000        4.61767253749152        4.49940261081600     
   4.35385600000000        2.51635465423530        4.15194831667574     
   4.36746180000000        1.76481072347858        2.89982891570559     
   4.38106760000000        1.95813790330528        1.72567970944230     
   4.39467340000000        2.70161212006935        1.28536365475325     
   4.40827920000000        3.13936021428776        1.45507671378344     
   4.42188500000000        2.89994745527667        1.52989358796893     
   4.43549080000000        3.19017381447013        1.07643147701088     
   4.44909660000000        3.70246924150268        1.08726121979410     
   4.46270240000000        4.19670319558866        1.55989958232433     
   4.47630820000000        3.95879699280859        2.09395782233582     
   4.48991400000000        3.90286376621415        2.42440421697115     
   4.50351980000000        3.28351462816180        2.73870379003362     
   4.51712560000000        2.99946179506934        2.64182147603568     
   4.53073140000000        2.46085192987131        2.50462634128842     
   4.54433720000000        2.24796903826533        1.97686978805515     
   4.55794300000000        2.61372659778806        1.59263817466820     
   4.57154880000000        2.80374681041705        1.92960404590653     
   4.58515460000000        2.16981357741757        2.08618394993789     
   4.59876040000000        2.06189185486289        1.39146784730232     
   4.61236620000000        2.40841261597091        1.13993165661809     
   4.62597200000000        2.55090510718351        1.40151570367544     
   4.63957780000000        2.15364575261630        1.18778853374977     
   4.65318360000000        2.21986974479875       0.791216614380833     
   4.66678940000000        2.50464853455168       0.509470608784314     
   4.68039520000000        2.79880797370587       0.469623738240121     
   4.69400100000000        2.96093493477998       0.532312986071960     
   4.70760680000000        3.04256966917897       0.484908222257800     
   4.72121260000000        3.19049810816865       0.419178236717685     
   4.73481840000000        3.39103036362474       0.391597788984765     
   4.74842420000000        3.65357616404757       0.440363076641591     
   4.76203000000000        3.82153791247767       0.657602409676445     
   4.77563580000000        3.75720195073649       0.797334148297653     
   4.78924160000000        3.85399701501007       0.648387564221516     
   4.80284740000000        4.22918360519010       0.735515976434188     
   4.81645320000000        4.44214385770110        1.20744145060960     
   4.83005900000000        4.12812344263951        1.39025799233490     
   4.84366480000000        4.24230971625404        1.45865248420098     
   4.85727060000000        4.28698719743420        1.58391938989366     
   4.87087640000000        4.33862020826307        2.11183466506006     
   4.88448220000000        3.71180920001285        2.32585492519515     
   4.89808800000000        3.29574043227078        1.78411764419510     
   4.91169380000000        3.71870579360614        1.28422711174985     
   4.92529960000000        4.47948847908636        1.48268344842928     
   4.93890540000000        4.57294417287920        2.30594537186173     
   4.95251120000000        4.58363620650835        2.67304694505450     
   4.96611700000000        4.31870285493438        3.69084828141149     
   4.97972280000000        2.58105630662154        3.84250321716108     
   4.99332860000000        2.29721628800288        2.54153729694600     
   5.00693440000000        3.12744008860375        2.10777520000750     
   5.02054020000000        3.71358607679537        2.96649773015661     
   5.03414600000000        2.92141225974307        3.89850842343000     
   5.04775180000000        1.62886251743006        3.54134433640953     
   5.06135760000000        1.67519353106001        2.76357520444223     
   5.07496340000000        1.76313013212724        2.87335896889104     
   5.08856920000000        1.20720246016876        3.46050917588104     
   5.10217500000000      -0.119765236347076        2.24281944112656     
   5.11578080000000       0.348585252030564        1.11691405298708     
   5.12938660000000       0.823469994702658       0.685597182599110     
   5.14299240000000        1.24110653215322       0.444708728488924     
   5.15659820000000        1.58932101210941       0.340428966186973     
   5.17020400000000        1.88246397164155       0.306042621653383     
   5.18380980000000        2.14436715495129       0.330980670849652     
   5.19741560000000        2.37609976766030       0.474907364935546     
   5.21102140000000        2.31953587973462       0.651201205288877     
   5.22462720000000        2.41208650857488       0.619159383251265     
   5.23823300000000        2.26619931501712       0.864287300706622     
   5.25183880000000        2.07168350957097       0.513533428512755     
   5.26544460000000        2.28309368848132       0.317522033278153     
   5.27905040000000        2.47607660225365       0.295762243103088     
   5.29265620000000        2.63925639091920       0.395337668652152     
   5.30626200000000        2.48168901920322       0.550257909643224     
   5.31986780000000        2.42454863835961       0.295700310099876     
   5.33347360000000        2.56867554683606       0.173189537703629     
   5.34707940000000        2.69921702159886       0.129298127677607     
   5.36068520000000        2.81110031786578       0.110451630487648     
   5.37429100000000        2.91088955091234       0.102273954305523     
   5.38789680000000        3.00430582761399       9.720547844668354E-002
   5.40150260000000        3.09699031134242       9.648692793703530E-002
   5.41510840000000        3.18840991167931       9.935379426808100E-002
   5.42871420000000        3.28373397585016       0.104116735312924     
   5.44232000000000        3.38647244915365       0.113670957122615     
   5.45592580000000        3.50053599610706       0.133514076063715     
   5.46953160000000        3.62116255525592       0.167522879587224     
   5.48313740000000        3.77199985846303       0.206547745273896     
   5.49674320000000        3.98162490439692       0.303235877197102     
   5.51034900000000        4.25568027456026       0.566724276935529     
   5.52395480000000        4.28610263402057        1.31117430030234     
   5.53756060000000        3.30240602795898        1.36226033256405     
   5.55116640000000        3.43891174212008       0.821805853874895     
   5.56477220000000        3.85157827079008        1.04424602442511     
   5.57837800000000        3.33249844047898        1.89521739580530     
   5.59198380000000        2.42270728663468        1.09731771796459     
   5.60558960000000        2.68360078939608       0.497199492984425     
   5.61919540000000        2.95780723968775       0.312064420933029     
   5.63280120000000        3.13368708483452       0.234256842586901     
   5.64640700000000        3.28475436865052       0.171570355621769     
   5.66001280000000        3.42588234086103       0.139281946477571     
   5.67361860000000        3.55147832911342       0.123466210554823     
   5.68722440000000        3.66748535170612       0.115570310669120     
   5.70083020000000        3.77882985323062       0.112483669786586     
   5.71443600000000        3.88918304917892       0.112998188628888     
   5.72804180000000        4.00168485615110       0.116814598386842     
   5.74164760000000        4.11952724558801       0.124319827286050     
   5.75525340000000        4.24655368281973       0.136756113638741     
   5.76885920000000        4.38812741154595       0.156910784691281     
   5.78246500000000        4.55269377232977       0.191084467891555     
   5.79607080000000        4.75475530475938       0.255179624331161     
   5.80967660000000        5.01832432493410       0.397080971067873     
   5.82328240000000        5.33923466495711       0.791900187271929     
   5.83688820000000        5.05862649598647        1.77438141137847     
   5.85049400000000        3.89303669471711        1.30736998623522     
   5.86409980000000        4.11196894503963       0.605617384630963     
   5.87770560000000        4.47381416592004       0.390893930379861     
   5.89131140000000        4.79318863627719       0.328337118989238     
   5.90491720000000        5.10015682857057       0.325409360306644     
   5.91852300000000        5.42602223145970       0.361469059278083     
   5.93212880000000        5.80178809638825       0.443585500258668     
   5.94573460000000        6.26542949645485       0.614176596575438     
   5.95934040000000        6.81696911221329        1.01602187280846     
   5.97294620000000        7.16073861272427        1.65733071881007     
   5.98655200000000        7.56084087775388        2.42983671290058     
   6.00015780000000        7.43255090905669        4.02328496304727     
   6.01376360000000        6.05955391069814        4.25154113301970     
   6.02736940000000        6.31078998745675        4.45006683489577     
   6.04097520000000        5.21415042253588        5.12516206432748     
   6.05458100000000        5.23313162919177        4.96104104782064     
   6.06818680000000        4.77313515471757        6.80483848347012     
   6.08179260000000        1.56072660221070        6.46971194443442     
   6.09539840000000       0.778884928340681        4.34455402245050     
   6.10900420000000       0.952836339260211        2.72146723058608     
   6.12261000000000        2.04443094679066        1.87523155279189     
   6.13621580000000        3.05371475358607        2.21057068158696     
   6.14982160000000        2.32344755580604        3.03150743024286     
   6.16342740000000        1.86805833999835        1.75630924165020     
   6.17703320000000        2.64944315735252        1.06121839539472     
   6.19063900000000        3.46730220007555       0.925326656340717     
   6.20424480000000        4.29984863606170        1.12831253878565     
   6.21785060000000        5.08130508674756        1.97532374289207     
   6.23145640000000        4.39049155369138        3.14749299382678     
   6.24506220000000        4.36961632418643        2.73015946731124     
   6.25866800000000        4.58972603139059        3.76754976276971     
   6.27227380000000        3.16725324387939        4.30780343612807     
   6.28587960000000        2.64929745574268        3.27296311271296     
   6.29948540000000        3.42869610384707        3.45665730625877     
   6.31309120000000        2.43968699262421        4.51281168227638     
   6.32669700000000       0.704427650762677        3.37682218985128     
   6.34030280000000        1.18635197909044        1.70091673574405     
   6.35390860000000        2.19039103758298        1.20502959163504     
   6.36751440000000        3.12671239924595        1.37246810698580     
   6.38112020000000        3.65076321554303        2.40418858649227     
   6.39472600000000        2.57213876886588        3.43987486738030     
   6.40833180000000        1.36443589995944        2.25232561814309     
   6.42193760000000        1.99991627790378        1.42556163382057     
   6.43554340000000        2.43435362016267        1.51457031647735     
   6.44914920000000        2.24369319220041        1.61884890650729     
   6.46275500000000        2.30933096745114        1.29128951319185     
   6.47636080000000        2.30607630571025       0.983928574500152     
   6.48996660000000        2.71324807444367       0.721921214972702     
   6.50357240000000        2.94906822136028       0.849545607987052     
   6.51717820000000        2.96199257137424       0.697108433699485     
   6.53078400000000        3.16078112156056       0.502883659078471     
   6.54438980000000        3.47463110120482       0.371477352227355     
   6.55799560000000        3.79718961458353       0.332917780822666     
   6.57160140000000        4.11694238376735       0.334928292919064     
   6.58520720000000        4.45374360613098       0.365115413370671     
   6.59881300000000        4.83163655796688       0.429822690515013     
   6.61241880000000        5.28483193536084       0.556164909426875     
   6.62602460000000        5.86716662852160       0.827092949277436     
   6.63963040000000        6.60853348995779        1.53692542131534     
   6.65323620000000        6.57994636523653        3.42548297712036     
   6.66684200000000        4.45631283050006        3.18635030280929     
   6.68044780000000        5.16621068933463        2.10854186781746     
   6.69405360000000        6.43947799894324        2.84789722685281     
   6.70765940000000        5.85676371364088        5.23198614311119     
   6.72126520000000        3.35416789797016        5.41784362420452     
   6.73487100000000        2.40485734653658        3.41863536634189     
   6.74847680000000        2.93024704622656        2.52396921608651     
   6.76208260000000        3.30435523936065        2.08012962797653     
   6.77568840000000        3.92504498231787        1.48160003667813     
   6.78929420000000        5.01209019677202        1.38508802837618     
   6.80290000000000        6.27188534047517        1.90675772473523     
   6.81650580000000        7.47919083188426        3.74207723586233     
   6.83011160000000        5.86568139705685        6.53909418964541     
   6.84371740000000        3.30450392237798        6.17439381685289     
   6.85732320000000        2.52709951538501        4.56074022780693     
   6.87092900000000        3.27488641267531        3.90224104997181     
   6.88453480000000        4.05307564094304        4.62932724739040     
   6.89814060000000        2.69142114336044        5.59216024898272     
   6.91174640000000        1.63654714678806        4.90870299980140     
   6.92535220000000       0.732111176493141        4.58034168075730     
   6.93895800000000       0.335337246137044        2.50535228311551     
   6.95256380000000        1.46722937126780        1.51207842624883     
   6.96616960000000        2.40980624352613        1.44553807574061     
   6.97977540000000        2.73770980802022        1.56796737745540     
   6.99338120000000        3.27528930356019        1.36246727126268     
   7.00698700000000        3.88408479578214        1.79051194398831     
   7.02059280000000        4.00650772427761        2.34560646171029     
   7.03419860000000        3.22789755920990        2.85709053415338     
   7.04780440000000        2.80770387970540        1.72762673075503     
   7.06141020000000        3.56254101591528        1.05703602097296     
   7.07501600000000        4.38878411812329       0.907130581703428     
   7.08862180000000        5.23341031096004        1.00911011864793     
   7.10222760000000        6.15010606897684        1.44812989817311     
   7.11583340000000        6.70731442111458        2.31732860545795     
   7.12943920000000        7.54665817988043        3.08016600135301     
   7.14304500000000        7.58503610519951        5.92268252026104     
   7.15665080000000        4.18375774019372        6.46088064310345     
   7.17025660000000        3.22611205577654        4.07995400392505     
   7.18386240000000        4.70520284574830        2.65653854599866     
   7.19746820000000        6.68454611395031        2.84996555935092     
   7.21107400000000        8.36799909242261        4.67412622950795     
   7.22467980000000        8.35153581824693        7.40697844026135     
   7.23828560000000        7.45230881546133        10.1602051246755     
   7.25189140000000        2.56357299339656        12.9698654884735     
   7.26549720000000       -1.65239263258095        8.07400577540172     
   7.27910300000000       0.467942100183118        5.33781822961106     
   7.29270880000000        1.36865107337404        5.65868448183463     
   7.30631460000000        1.90812769037572        5.44779104471720     
   7.31992040000000        1.02492051606282        6.69830251107017     
   7.33352620000000      -0.496135611113593        4.55992335989943     
   7.34713200000000        1.13408825299512        2.82020489438034     
   7.36073780000000        3.10977611971280        2.81717933672318     
   7.37434360000000        5.03867740656820        3.96448550827894     
   7.38794940000000        5.83837115053511        7.78067600258230     
   7.40155520000000        1.88466613373738        9.71587108480146     
   7.41516100000000      -0.960950693220185        9.70775333820106     
   7.42876680000000       -3.67197692830325        5.73165338896877     
   7.44237260000000       -2.03239426269417        3.09988675929444     
   7.45597840000000      -0.418574975990685        2.17796485065387     
   7.46958420000000        1.21567151551431        2.12961188715962     
   7.48319000000000        2.53463117091571        3.32720442389224     
   7.49679580000000        1.23140406827790        4.85483188659212     
   7.51040160000000       0.539274905330990        3.44354881254839     
   7.52400740000000        1.55712654526294        2.52820108824306     
   7.53761320000000        2.89308672916442        2.81132925344970     
   7.55121900000000        3.99153053486448        3.76949144125963     
   7.56482480000000        4.61453106260621        6.10292178631897     
   7.57843060000000        1.95794304723459        7.84861147640263     
   7.59203640000000        1.28133919209605        6.65561574625496     
   7.60564220000000       0.966577655332268        9.06190219316036     
   7.61924800000000       -3.94829153472645        7.77689466833661     
   7.63285380000000       -4.09684268181915        3.91968530055808     
   7.64645960000000       -2.66961988995798        2.23123236708302     
   7.66006540000000       -1.44120905766685        1.46341121520422     
   7.67367120000000      -0.316494146116672        1.16391085676351     
   7.68727700000000       0.718096808209972        1.15974642864168     
   7.70088280000000        1.74858079262514        1.48971618786931     
   7.71448860000000        2.68821190399766        2.45183363752183     
   7.72809440000000        2.49844004078461        3.94282316054681     
   7.74170020000000       0.967473512227834        5.00161820283817     
   7.75530600000000      -0.250539386818410        3.19583465560430     
   7.76891180000000       0.947463381649598        2.23476643710225     
   7.78251760000000        2.07366737737372        2.73509851842762     
   7.79612340000000        1.48884234501270        3.86459840110869     
   7.80972920000000        1.38600246440192        2.71305247396130     
   7.82333500000000        2.87944227356204        2.77336651270398     
   7.83694080000000        3.88233964925559        4.86671669109234     
   7.85054660000000        1.80215584768068        6.15878042598793     
   7.86415240000000        1.35798285895361        6.61208794998302     
   7.87775820000000      -0.658298796948026        6.26350040737492     
   7.89136400000000       -1.22011056748836        4.83375831797438     
   7.90496980000000      -0.834019900523655        4.91573847244458     
   7.91857560000000       -1.86573365420987        3.93639830482640     
   7.93218140000000       -1.41492641569501        3.30868589762641     
   7.94578720000000       -1.22392278675573        2.60101921970160     
   7.95939300000000       -1.00471077385212        2.43650188468527     
   7.97299880000000      -0.596645108231746        1.62796653620498     
   7.98660460000000       0.312795438732774        1.51005024274657     
   8.00021040000000       0.914993432777876        1.65417305190539     
   8.01381620000000        1.61105899239771        2.28381343723110     
   8.02742200000000        1.21149405344965        2.69714972249580     
   8.04102780000000        1.61583461969635        2.92252998394634     
   8.05463360000000        1.34284923634479        2.91095855228945     
   8.06823940000000        2.49242793237775        3.33872083092164     
   8.08184520000000        1.66369391246062        6.07900234176689     
   8.09545100000000       -1.30120945225178        4.35203674022335     
   8.10905680000000      -0.126692066789230        2.78627031359747     
   8.12266260000000       0.841803707560867        3.72343019001741     
   8.13626840000000      -0.917592053733145        3.95685674260269     
   8.14987420000000      -0.708121073805851        2.23402106802261     
   8.16348000000000       0.521046141066038        1.74785355425853     
   8.17708580000000        1.70661826916632        2.14953551677680     
   8.19069160000000        2.68737499719252        3.60844478102635     
   8.20429740000000       0.872480298697733        5.42107248498913     
   8.21790320000000       0.460661391637105        4.34197765463386     
   8.23150900000000      -0.134259741383818        5.45089738913155     
   8.24511480000000       -1.58575438849784        4.52989749250988     
   8.25872060000000       -1.68820179763234        2.90003576916217     
   8.27232640000000      -0.575090485495932        2.43695399485408     
   8.28593220000000      -0.383814980180253        2.61772745397822     
   8.29953800000000       0.168089655239807        2.29199325422395     
   8.31314380000000        1.08192952093908        2.91145777891084     
   8.32674960000000        1.00366257262718        4.09978527482179     
   8.34035540000000       9.012245677222785E-002   4.49470713571997     
   8.35396120000000      -8.973896153431116E-002   5.08628946273897     
   8.36756700000000       -2.22935723742581        5.00130303203258     
   8.38117280000000       -1.99887709546373        3.74397134500115     
   8.39477860000000       -2.84577776954047        3.89898695411582     
   8.40838440000000       -3.10867376534918        2.17797005719915     
   8.42199020000000       -2.45962023489038        1.44744074314977     
   8.43559600000000       -1.83599487942137       0.949480681915190     
   8.44920180000000       -1.14670584907663       0.806470260426812     
   8.46280760000000      -0.576926184100604        1.00735404791433     
   8.47641340000000      -0.583806407441227        1.34807850581296     
   8.49001920000000      -0.518980814685718       0.996724266489113     
   8.50362500000000       5.174589447527322E-002  0.925076780353392     
   8.51723080000000       0.521436129694243        1.29162813748420     
   8.53083660000000       0.799970481080171        1.92133439261334     
   8.54444240000000      -5.484523212245573E-002   2.35786150272725     
   8.55804820000000       8.009824547927047E-002   1.68865208890428     
   8.57165400000000       0.817436150396114        1.93845099658047     
   8.58525980000000       0.719335277889944        3.06339023639536     
   8.59886560000000       0.192075944329327        3.68394113517140     
   8.61247140000000       -1.85810497293524        3.72833723127379     
   8.62607720000000       -2.13960307700942        1.95882673647984     
   8.63968300000000       -1.47567087001879        1.15117318318991     
   8.65328880000000      -0.835173350891888        1.02283962352469     
   8.66689460000000      -0.549589927681383        1.03560078235076     
   8.68050040000000      -0.175066883206340        1.03100066400404     
   8.69410620000000       0.311430684658386        1.43207236384143     
   8.70771200000000      -0.200820258572298        2.21229394763125     
   8.72131780000000      -0.814112569347178        1.55535582616033     
   8.73492360000000      -0.298585642320683        1.20955468988861     
   8.74852940000000      -0.189854777715505        1.67757957332173     
   8.76213520000000      -0.580949742463130        1.39267172324054     
   8.77574100000000      -0.230288143220808        1.16561036686789     
   8.78934680000000      -0.140332466846838        1.49365118687823     
   8.80295260000000      -0.588834537259646        1.43832548954717     
   8.81655840000000      -0.411281099959431       0.877599800931465     
   8.83016420000000       0.120513519691631       0.872187498657509     
   8.84377000000000       0.306738626298258        1.48080496121378     
   8.85737580000000      -0.416006401755938        1.46339946806857     
   8.87098160000000      -0.339114415386954       0.963026468971965     
   8.88458740000000       2.747359135955973E-002  0.718624342864395     
   8.89819320000000       0.514372495008369       0.882642511387544     
   8.91179900000000       0.513404200315119        1.53845038339551     
   8.92540480000000       1.389684100414224E-002   1.32874683206348     
   8.93901060000000       0.350759491049036        1.19500356042215     
   8.95261640000000       0.498576871600674        1.46109175722620     
   8.96622220000000       0.341934200637625        2.24456479726445     
   8.97982800000000      -0.829352575127679        1.76066037824880     
   8.99343380000000      -0.474334304710779        1.10620798794882     
   9.00703960000000      -0.359610614074531        1.32975826887603     
   9.02064540000000      -0.652842382815465       0.980939991913496     
   9.03425120000000      -0.518680010832667       0.631058575045100     
   9.04785700000000      -0.262119151917445       0.427144767171910     
   9.06146280000000      -9.921318113438771E-003  0.320315484641029     
   9.07506860000000       0.255622977242607       0.293811350417688     
   9.08867440000000       0.523779470639470       0.346209857804174     
   9.10228020000000       0.747804154914744       0.514252857384045     
   9.11588600000000       0.952952122820486       0.671844980483349     
   9.12949180000000        1.18124022063086        1.22466958364827     
   9.14309760000000       0.339091727257958        1.82591637314447     
   9.15670340000000      -2.231927968785818E-002   1.03224700823903     
   9.17030920000000       0.409023494271860       0.881059837124413     
   9.18391500000000       0.361923642692448        1.42665139325544     
   9.19752080000000      -0.356498051561498        1.00760214527809     
   9.21112660000000      -0.136814624851133       0.474527596281659     
   9.22473240000000       0.149930725003870       0.296446956947854     
   9.23833820000000       0.383814569025754       0.230427823424333     
   9.25194400000000       0.588944593727659       0.207918448349375     
   9.26554980000000       0.787484090899779       0.211771890553020     
   9.27915560000000       0.999312984404802       0.244043120880136     
   9.29276140000000        1.24868067989100       0.328843659745425     
   9.30636720000000        1.55942384612291       0.557642348513473     
   9.31997300000000        1.72620023922588        1.23110228812421     
   9.33357880000000       0.823459381090022        1.52358354493102     
   9.34718460000000       0.860651562070105       0.983278217265650     
   9.36079040000000        1.16850733823183        1.17175341524985     
   9.37439620000000       0.787436398475028        1.70706894260724     
   9.38800200000000       0.136983275412571        1.22925795377199     
   9.40160780000000       0.306905459458844       0.755351560322981     
   9.41521360000000       0.397123412664845       0.579633372520430     
   9.42881940000000       0.605711677606000       0.348172032130915     
   9.44242520000000       0.856855530040438       0.263986532154299     
   9.45603100000000        1.08264580985439       0.248599894635796     
   9.46963680000000        1.28443804621973       0.256128415037674     
   9.48324260000000        1.51733522108038       0.274616217087774     
   9.49684840000000        1.79516769437453       0.344414526892681     
   9.51045420000000        2.13378158936614       0.517829513327388     
   9.52406000000000        2.46190667416763       0.891658101920683     
   9.53766580000000        2.79513674499178        1.60881453037750     
   9.55127160000000        1.86922940414602        2.84379049176215     
   9.56487740000000       0.911817794330684        1.86718960250942     
   9.57848320000000        1.43847721957344        1.69917065861166     
   9.59208900000000       0.952264145213949        2.08180839289723     
   9.60569480000000       0.845386281900373        1.34002008774789     
   9.61930060000000        1.49230253228153        1.25508760703186     
   9.63290640000000        1.89012237957398        1.88220512320061     
   9.64651220000000        1.45362396276982        3.06913233068679     
   9.66011800000000      -0.252074101261544        2.49204069789356     
   9.67372380000000      -0.199285613951659        1.39391753862120     
   9.68732960000000       0.213619463724545       0.973439971191951     
   9.70093540000000       0.560054934003789       0.681668209209584     
   9.71454120000000        1.04096469183208       0.574277355262078     
   9.72814700000000        1.56075046512115       0.672330474877534     
   9.74175280000000        2.14426170905350        1.10265099960975     
   9.75535860000000        2.25818929578956        2.26777559300116     
   9.76896440000000        1.17893601196852        2.87635909064710     
   9.78257020000000       0.352634510056085        2.18033973387198     
   9.79617600000000       0.556123975232388        1.94883175151671     
   9.80978180000000       4.134673896235075E-002   1.71025855327812     
   9.82338760000000       0.269821566435611        1.03601713399844     
   9.83699340000000       0.778165135358962       0.735339475516566     
   9.85059920000000        1.37202009700763       0.749215770236400     
   9.86420500000000        2.00353531746103        1.11356992124227     
   9.87781080000000        2.44398788789655        2.06461958883078     
   9.89141660000000        1.30339579813975        3.53606635467789     
   9.90502240000000       0.241250671311592        2.30337602234563     
   9.91862820000000       0.822896038295285        2.03146412632940     
   9.93223400000000       0.840553550400296        2.74729869945598     
   9.94583980000000      -0.126527073846556        2.27669488410115     
   9.95944560000000       0.294451451672928        1.85974038084676     
   9.97305140000000       0.685273305826017        2.01495799153410     
   9.98665720000000       0.435475266781978        3.12509224606826     
   10.0002630000000       -1.15369941576760        2.51314637304230     
   10.0138688000000       -1.00269355127149        1.62006075453189     
   10.0274746000000      -0.818769160334021        1.04161571566271     
   10.0410804000000      -0.320896241451229       0.839245891538350     
   10.0546862000000      -0.225994488740973        1.06288209921723     
   10.0682920000000      -0.339342699757070       0.699394833669917     
   10.0818978000000      -6.786030041160851E-003  0.452611730902947     
   10.0955036000000       0.339908823984972       0.416438784691074     
   10.1091094000000       0.619218628266470       0.531087641447392     
   10.1227152000000       0.820417611617019       0.605965912245256     
   10.1363210000000        1.11702281583872       0.825959350203483     
   10.1499268000000        1.42216457247978        1.32716541639397     
   10.1635326000000       0.691655056750611        2.23748122118433     
   10.1771384000000       0.151634753836702        1.51245220114055     
   10.1907442000000       0.421953360711693        1.53783903457521     
   10.2043500000000      -0.108541634078710        1.94677206260554     
   10.2179558000000      -0.604545995327882        1.10015033267521     
   10.2315616000000      -0.224239245261728       0.580905246571359     
   10.2451674000000       0.175578480886277       0.434350136724396     
   10.2587732000000       0.551871932116131       0.451203730119319     
   10.2723790000000       0.965061460155820       0.659347832803786     
   10.2859848000000        1.32654117982088        1.39680142562299     
   10.2995906000000       0.127946067702404        2.51450099146589     
   10.3131964000000      -0.850545123706685        1.25360901537407     
   10.3268022000000      -0.500324734585773       0.563973348328785     
   10.3404080000000      -0.168777223719926       0.331113106331761     
   10.3540138000000       7.904312118774670E-002  0.236647432378682     
   10.3676196000000       0.278811836904220       0.194822428059883     
   10.3812254000000       0.455950653612570       0.180795947623041     
   10.3948312000000       0.628623211660363       0.191013731471970     
   10.4084370000000       0.809895028746523       0.243004028546032     
   10.4220428000000       0.952516222606100       0.380522349652668     
   10.4356486000000        1.04236382828291       0.454070233306090     
   10.4492544000000        1.27001352277095       0.644365869113627     
   10.4628602000000        1.33261255059559        1.30115046031520     
   10.4764660000000       0.237685683152643        1.60672932372742     
   10.4900718000000       3.046728815969235E-003  0.724604476929731     
   10.5036776000000       0.305716808210818       0.393347629885137     
   10.5172834000000       0.573730769963645       0.332017694837408     
   10.5308892000000       0.739128840667353       0.468745451823711     
   10.5444950000000       0.552591095757578       0.497035508031176     
   10.5581008000000       0.627547457472347       0.270414947525389     
   10.5717066000000       0.802170689975578       0.195630401860274     
   10.5853124000000       0.970151799748433       0.189464299666385     
   10.5989182000000        1.13967360140250       0.243412511614775     
   10.6125240000000        1.24048948843275       0.412119499055149     
   10.6261298000000        1.13606162592785       0.447932074652688     
   10.6397356000000        1.26973972617009       0.348689105154625     
   10.6533414000000        1.49211028079407       0.475861772243606     
   10.6669472000000        1.42399999975394       0.757275974257750     
   10.6805530000000        1.38705613099047       0.741521586910823     
   10.6941588000000        1.21956724271544       0.861562339737431     
   10.7077646000000        1.20196013782545       0.572229734983352     
   10.7213704000000        1.49822659413669       0.502181343021743     
   10.7349762000000        1.80896717995822       0.770168264971212     
   10.7485820000000        1.54196683075863        1.26075929702824     
   10.7621878000000        1.25011898489635        1.01977771928944     
   10.7757936000000        1.25811625170206       0.855824309677716     
   10.7893994000000        1.35626999248318       0.624567348673839     
   10.8030052000000        1.71824153651814       0.489369693029557     
   10.8166110000000        2.16033268623780       0.540756411019258     
   10.8302168000000        2.70103125353938       0.762513011992413     
   10.8438226000000        3.41821578808839        1.29658524851524     
   10.8574284000000        4.26208715824899        2.82403073628966     
   10.8710342000000        2.58336982733038        5.65760381764083     
   10.8846400000000       0.619238683502965        4.92356595305345     
   10.8982458000000       -1.55217013961112        5.38083216668817     
   10.9118516000000       -2.66864482026542        2.58703996837848     
   10.9254574000000       -1.84901194164007        1.42722421794943     
   10.9390632000000       -1.49783427756165       0.976233730415176     
   10.9526690000000       -1.10359936684956       0.563499310260431     
   10.9662748000000      -0.749178490626955       0.375425521873038     
   10.9798806000000      -0.478636911949134       0.268736120884357     
   10.9934864000000      -0.258798587825766       0.208547864731619     
   11.0070922000000      -7.689015331782278E-002  0.176333482237628     
   11.0206980000000       8.064286472836457E-002  0.167148452276536     
   11.0343038000000       0.207658413986074       0.191842151592059     
   11.0479096000000       0.291529725940079       0.218920021950208     
   11.0615154000000       0.295273884541382       0.262754053780192     
   11.0751212000000       0.316914311666650       0.163668668140841     
   11.0887270000000       0.416651468628660       0.111199956135007     
   11.1023328000000       0.509063167786037       9.129641815390170E-002
   11.1159386000000       0.592309231689857       8.224462306544666E-002
   11.1295444000000       0.670364699538266       7.822698959577164E-002
   11.1431502000000       0.746416394151274       7.765388655986227E-002
   11.1567560000000       0.823366206209182       8.051054632030542E-002
   11.1703618000000       0.904603026262528       8.805317190486786E-002
   11.1839676000000       0.995011777607512       0.103815737179686     
   11.1975734000000        1.10249162794752       0.137617506097090     
   11.2111792000000        1.23647633907706       0.221686213866804     
   11.2247850000000        1.34082092407914       0.455020541775284     
   11.2383908000000        1.10896294453586       0.696564105448442     
   11.2519966000000        1.00438534704678       0.599054532911022     
   11.2656024000000       0.843152935890681       0.632722543356490     
   11.2792082000000       0.750173663805157       0.439681397710443     
   11.2928140000000       0.855305892640788       0.262130448370599     
   11.3064198000000        1.00640193122858       0.247225295437082     
   11.3200256000000        1.05081233359018       0.276703894603118     
   11.3336314000000        1.16038107311013       0.267560390102902     
   11.3472372000000        1.22353149640023       0.415394907016697     
   11.3608430000000        1.09723923933279       0.451437747548173     
   11.3744488000000        1.12043132761395       0.313897029828420     
   11.3880546000000        1.29460641098709       0.334730145910234     
   11.4016604000000        1.36109330486209       0.555585325049952     
   11.4152662000000        1.08266130450121       0.705732009785264     
   11.4288720000000       0.954748467238168       0.418807918306454     
   11.4424778000000        1.10500775360738       0.317391492210740     
   11.4560836000000        1.17354892099943       0.310653817240414     
   11.4696894000000        1.25307134193045       0.283142432460657     
   11.4832952000000        1.39892624874829       0.348785061007353     
   11.4969010000000        1.31342814554316       0.540769184878911     
   11.5105068000000        1.21558630244544       0.369015923989070     
   11.5241126000000        1.37379308493089       0.292065303420871     
   11.5377184000000        1.56319034295452       0.365270258798514     
   11.5513242000000        1.62204430230061       0.683292782453469     
   11.5649300000000        1.21496422498742       0.758786287267714     
   11.5785358000000        1.22483121272509       0.485574827507119     
   11.5921416000000        1.32624852623525       0.493356875856946     
   11.6057474000000        1.28324779064491       0.419587257728678     
   11.6193532000000        1.45014585623741       0.385513508448654     
   11.6329590000000        1.43247761708808       0.573865987282865     
   11.6465648000000        1.29529645954677       0.408193371180565     
   11.6601706000000        1.43649874561026       0.272024522894062     
   11.6737764000000        1.61213236776184       0.285325257106794     
   11.6873822000000        1.66969447610246       0.366967820387781     
   11.7009880000000        1.74815094447692       0.345235858312858     
   11.7145938000000        1.89859270342302       0.386731953549648     
   11.7281996000000        2.01373788791368       0.603750110217706     
   11.7418054000000        1.79915598526209       0.630251748600566     
   11.7554112000000        1.96202318031031       0.454252212441872     
   11.7690170000000        2.21036620060954       0.458233238607025     
   11.7826228000000        2.58252750193681       0.544962518732020     
   11.7962286000000        3.11443725922513       0.888330908387306     
   11.8098344000000        3.75863884260090        1.93681071212708     
   11.8234402000000        2.75965548166508        4.38648720801069     
   11.8370460000000      -0.375786273920479        3.45009485287133     
   11.8506518000000      -0.324770311342301        1.55527305440002     
   11.8642576000000       0.379368132927407       0.939262059940605     
   11.8778634000000       0.934327936634597        1.01793549876898     
   11.8914692000000       0.782717673495718        1.39704318180724     
   11.9050750000000       0.544688369723821        1.18327138572489     
   11.9186808000000       0.517214826178030       0.761635697316097     
   11.9322866000000       0.882247552055173       0.555775086110973     
   11.9458924000000        1.24694923729825       0.683472289436687     
   11.9594982000000        1.34356996816376        1.04052562755546     
   11.9731040000000        1.07540560824543        1.46552962052475     
   11.9867098000000       0.610144673302846        1.24403015615431     
   12.0003156000000       0.504591464722437       0.960057768238863     
   12.0139214000000       0.433430530817900       0.812363631194824     
   12.0275272000000       0.473114132272619       0.459008454614806     
   12.0411330000000       0.704172884338716       0.279665956431762     
   12.0547388000000       0.918344452825572       0.228339653217799     
   12.0683446000000        1.11698034080814       0.250124761437046     
   12.0819504000000        1.28234298394586       0.383303141057580     
   12.0955562000000        1.31671966899813       0.587782734743678     
   12.1091620000000       0.998964144461081       0.779976580113715     
   12.1227678000000       0.856689259092729       0.417922999113543     
   12.1363736000000        1.01558108122919       0.248899153824940     
   12.1499794000000        1.14293945745012       0.185021719710958     
   12.1635852000000        1.27754425159932       0.149566407302635     
   12.1771910000000        1.41219066894747       0.148931995197415     
   12.1907968000000        1.55018453989813       0.183039045659200     
   12.2044026000000        1.67410346659655       0.259041798356357     
   12.2180084000000        1.81862056257434       0.412107729567556     
   12.2316142000000        1.68673585297201       0.702121672282201     
   12.2452200000000        1.56165550111713       0.590720250197212     
   12.2588258000000        1.50808918087282       0.675057757473328     
   12.2724316000000        1.36386023070204       0.459682164155788     
   12.2860374000000        1.54485475415231       0.296038321365812     
   12.2996432000000        1.74777477708938       0.324248877644422     
   12.3132490000000        1.76942137540773       0.478733152720884     
   12.3268548000000        1.74936575402531       0.345895170117231     
   12.3404606000000        1.95769366126491       0.279919085248145     
   12.3540664000000        2.21096163582331       0.329644894292223     
   12.3676722000000        2.49873264291356       0.523603892833703     
   12.3812780000000        2.64060356650081       0.875700739502679     
   12.3948838000000        2.95650768638489        1.27932631011937     
   12.4084896000000        2.69683292471207        2.81860086993380     
   12.4220954000000       0.363694005181341        2.43666794998685     
   12.4357012000000       0.433870303489795        1.02098606272601     
   12.4493070000000       0.893925759303987       0.546290397996608     
   12.4629128000000        1.26860324252983       0.381864662085604     
   12.4765186000000        1.58260194015303       0.346346874989791     
   12.4901244000000        1.85420088621252       0.395039058262514     
   12.5037302000000        2.13916857431152       0.519180505421929     
   12.5173360000000        2.30379869590059       0.815208358021615     
   12.5309418000000        2.33546888627494        1.13348156801742     
   12.5445476000000        2.19405376960002        1.18196969065334     
   12.5581534000000        2.51676058261454        1.26587159776542     
   12.5717592000000        2.84655705023275        2.34710662566955     
   12.5853650000000       0.887607178373833        3.12921358459439     
   12.5989708000000       0.367249026749988        1.71688992026242     
   12.6125766000000       0.451591588234426        1.29092651222466     
   12.6261824000000       0.610318541883298       0.710509546493015     
   12.6397882000000        1.01023645598329       0.458285001724656     
   12.6533940000000        1.36528424241033       0.417984122287517     
   12.6669998000000        1.62776622164269       0.569255274944029     
   12.6806056000000        1.54361152419164       0.638688688271330     
   12.6942114000000        1.70525334999466       0.475182673245381     
   12.7078172000000        1.92660237711685       0.415007415147884     
   12.7214230000000        2.25018928384887       0.400006837260492     
   12.7350288000000        2.64659322420744       0.485362397838356     
   12.7486346000000        3.15739377335405       0.701098823382303     
   12.7622404000000        3.87020863028497        1.22672518165488     
   12.7758462000000        4.67481511352655        2.74666884773591     
   12.7894520000000        2.87994390389767        5.52628583369213     
   12.8030578000000       0.827900547697151        4.25559259481868     
   12.8166636000000      -7.321098261755488E-002   4.48238182627194     
   12.8302694000000       -1.51363698156947        3.07120494374742     
   12.8438752000000       -1.22282654680389        1.44369647273967     
   12.8574810000000      -0.496713389188331       0.844740700249689     
   12.8710868000000       1.243503426008719E-002  0.699355158354158     
   12.8846926000000       0.323916663747710       0.702108824233071     
   12.8982984000000       0.494772670585492       0.758656276646119     
   12.9119042000000       0.533562140454343       0.760674424179342     
   12.9255100000000       0.593365982160044       0.644507900322548     
   12.9391158000000       0.719097244969828       0.595274351841163     
   12.9527216000000       0.930933111593881       0.587087223847603     
   12.9663274000000       0.875653567787859       0.804348631725531     
   12.9799332000000       0.797038964699183       0.550231678362778     
   12.9935390000000        1.01452589182708       0.401507304953726     
   13.0071448000000        1.31355013556009       0.414372864924692     
   13.0207506000000        1.61694693319790       0.672738753082338     
   13.0343564000000        1.45404707121839        1.17458651785671     
   13.0479622000000        1.31258375765110        1.12315611973256     
   13.0615680000000       0.994950279670265        1.51629270051512     
   13.0751738000000       0.443467060592203        1.09695753607286     
   13.0887796000000       0.555704153293724       0.569834626154891     
   13.1023854000000       0.849989133066391       0.403819944784358     
   13.1159912000000        1.08144111432051       0.413530178294015     
   13.1295970000000        1.13938016760977       0.546346649082897     
   13.1432028000000        1.14581160129883       0.483256047533040     
   13.1568086000000        1.31869618129292       0.478996170121198     
   13.1704144000000        1.32986053258437       0.791813276635565     
   13.1840202000000       0.942188164311505       0.611623563381308     
   13.1976260000000        1.09021610076162       0.322433655180932     
   13.2112318000000        1.29074825941906       0.259703409292852     
   13.2248376000000        1.41922636902608       0.263725096527817     
   13.2384434000000        1.54726606107638       0.275799559664080     
   13.2520492000000        1.64401765517044       0.259144999258769     
   13.2656550000000        1.83691713921296       0.252174833639813     
   13.2792608000000        2.07921050355280       0.324852020031013     
   13.2928666000000        2.36488811118705       0.508178852560461     
   13.3064724000000        2.74461135586319       0.934038141464308     
   13.3200782000000        2.77249073977212        2.07348072863848     
   13.3336840000000        1.00061868035828        2.91834659944923     
   13.3472898000000       0.128097886065726        1.35593445993440     
   13.3608956000000       0.548737371800607       0.623379115727357     
   13.3745014000000       0.919691952159968       0.381385636228577     
   13.3881072000000        1.18763083408799       0.293557611253706     
   13.4017130000000        1.41544324429545       0.248529922208049     
   13.4153188000000        1.64202928900338       0.250554621749653     
   13.4289246000000        1.88482770972936       0.310693537620110     
   13.4425304000000        2.14905921010339       0.506820433446467     
   13.4561362000000        2.17803847667371       0.904604909603129     
   13.4697420000000        2.07872537132148        1.15499645455410     
   13.4833478000000        1.64884261417998        1.27165629468713     
   13.4969536000000        1.39447728194162       0.992085333313805     
   13.5105594000000        1.58898692645451       0.611159998235678     
   13.5241652000000        1.98144792433210       0.562304903372283     
   13.5377710000000        2.42302151239472       0.816923094570959     
   13.5513768000000        2.67648256570528        1.71293387195666     
   13.5649826000000        1.21046390144223        2.35393808679644     
   13.5785884000000       0.829849626424476        1.29279641490891     
   13.5921942000000        1.00384827533115       0.854227731627272     
   13.6058000000000        1.23865306876491       0.591701321668159     
